# File created on Wed Mar  4 11:05:00 2020
1 1 0 0 1 1 0 0 0 1 1 0 0 0 0 0 0 1 0 0 0 0 0 1 0 
1 1 1 1 0 0 0 0 0 0 1 0 0 1 0 0 0 0 1 0 0 1 0 0 0 
0 0 1 0 0 1 1 1 0 0 0 0 0 1 1 0 0 0 0 0 0 0 0 0 0 
0 0 0 0 0 0 1 0 0 0 1 1 0 0 0 0 1 0 0 0 0 0 0 0 0 
0 1 0 1 0 0 0 0 0 1 1 0 0 0 0 1 1 0 0 0 0 0 0 0 0 
1 0 0 0 0 1 0 0 0 0 1 1 0 0 0 1 0 0 0 0 0 0 1 1 0 
0 1 0 0 0 0 1 1 0 0 0 0 0 0 0 0 0 0 1 0 1 0 0 0 0 
0 1 0 1 0 0 1 0 0 0 0 0 0 0 1 1 0 1 0 0 0 1 0 1 0 
1 1 0 0 0 0 0 0 0 0 0 1 0 0 1 0 0 0 0 1 0 0 1 1 0 
0 0 0 1 1 0 1 0 0 0 0 0 0 1 0 0 1 0 0 1 0 1 0 0 0 
0 0 1 1 0 1 0 0 0 0 0 0 0 1 0 0 0 1 0 0 0 0 1 0 0 
0 0 0 0 0 0 1 0 0 0 1 1 1 1 1 1 0 0 0 0 0 0 0 0 0 
0 0 0 1 1 0 1 0 0 0 0 1 0 0 1 0 0 0 0 0 0 1 1 0 0 
0 1 1 1 0 0 1 0 1 0 0 0 0 0 1 0 0 1 0 0 0 1 0 0 1 
0 0 1 0 0 1 0 0 1 0 0 0 0 0 0 1 0 0 1 0 0 0 0 0 0 
0 0 0 0 0 0 0 0 0 0 0 0 0 0 0 0 1 1 0 0 0 0 0 0 0 
0 1 0 0 0 0 1 0 1 1 0 0 0 0 0 0 0 1 0 0 0 0 0 0 0 
0 0 0 1 0 0 1 0 0 0 0 0 0 0 0 0 0 1 0 1 0 0 0 0 0 
0 1 0 0 1 0 0 0 1 1 0 0 0 0 0 0 1 0 0 0 0 0 0 1 0 
1 1 0 0 0 1 0 1 1 1 0 0 0 0 1 1 0 1 0 1 0 0 0 0 1 
0 0 1 0 0 0 0 1 0 0 0 0 0 0 0 0 0 0 0 0 1 0 1 0 1 
1 1 0 0 1 1 0 0 0 1 0 0 0 0 0 0 1 0 1 1 0 1 1 1 0 
0 0 0 0 0 0 0 0 1 0 1 0 0 1 0 1 0 0 0 0 1 0 0 0 0 
0 0 0 0 0 1 0 0 1 0 0 1 1 1 0 0 1 0 0 1 1 0 1 1 1 
0 0 0 1 0 0 0 0 0 1 0 0 0 0 1 0 0 1 1 1 0 0 1 0 0 