# File created on Wed Mar  4 11:02:33 2020
1 0 0 1 0 0 0 1 0 0 1 0 0 1 0 0 1 0 0 1 0 0 0 1 0 
0 1 0 1 1 0 1 0 0 1 0 0 1 1 0 1 0 0 1 0 1 1 1 0 0 
0 0 0 1 0 0 0 1 0 0 1 1 1 1 0 1 1 0 0 0 1 1 1 0 1 
1 0 0 0 1 1 0 1 1 1 0 0 0 0 1 0 1 1 1 1 1 0 1 0 1 
0 1 0 0 0 1 0 1 0 0 0 1 1 0 0 1 1 0 0 0 1 1 1 1 1 
0 0 0 1 1 1 1 1 1 1 1 0 1 0 0 1 0 1 1 0 0 1 0 1 0 
1 0 0 1 0 0 0 0 0 1 0 1 1 1 0 1 0 1 0 1 0 1 1 1 0 
0 1 0 1 0 1 0 1 0 1 1 0 0 0 0 1 0 1 1 1 1 0 1 1 0 
0 1 0 1 1 0 0 1 0 0 1 0 1 1 0 1 0 0 0 0 1 0 0 0 0 
0 1 1 1 0 1 0 1 0 1 1 0 1 0 0 0 0 0 1 0 1 1 1 1 0 
0 1 1 0 0 1 0 0 1 0 1 1 1 1 0 0 0 0 1 0 1 0 1 1 1 
0 0 1 0 0 0 0 0 0 0 1 1 0 0 0 0 1 0 0 0 0 0 0 0 0 
0 0 0 1 0 0 0 0 0 0 0 0 1 1 1 0 1 0 1 0 0 1 0 1 1 
1 0 1 1 1 1 0 0 1 0 0 1 1 0 1 0 0 0 0 0 1 1 1 0 0 
0 0 1 0 1 1 0 1 0 1 0 1 1 1 1 0 0 1 0 0 0 1 0 1 1 
0 0 1 0 0 1 1 0 1 0 0 0 0 1 1 1 0 0 0 1 1 1 0 0 0 
1 0 0 0 0 1 0 0 0 0 0 0 0 0 1 0 0 1 0 1 1 0 0 1 1 
0 0 1 0 0 0 0 0 0 1 0 0 0 1 0 1 0 1 1 1 0 0 0 0 1 
1 0 1 0 0 0 0 1 1 1 0 0 0 1 1 0 0 1 1 1 1 0 1 1 0 
0 1 0 0 0 1 1 1 1 0 0 1 1 1 0 1 1 1 0 1 1 0 1 1 0 
0 0 0 0 0 0 1 0 1 0 0 1 0 0 1 0 1 1 0 0 0 0 0 0 0 
0 1 0 0 1 1 1 0 1 1 0 0 0 1 1 1 0 0 1 1 1 1 0 0 0 
1 1 0 0 0 1 0 1 1 1 1 0 0 0 1 1 1 0 1 0 0 0 0 0 0 
0 0 0 0 1 1 0 0 1 0 0 1 1 0 0 0 1 1 0 1 1 1 1 0 0 
0 1 0 1 0 0 1 0 1 0 1 0 0 1 0 1 1 1 0 0 1 1 0 1 0 