# File created on Sat Mar  7 12:34:43 2020
0 1 0 0 0 0 1 0 1 0 0 0 0 0 1 1 0 1 0 0 0 0 0 0 0 
0 0 0 1 0 0 0 1 0 0 0 0 0 0 0 0 1 0 1 1 1 0 1 0 0 
0 0 0 0 0 1 0 1 1 0 1 1 0 0 0 0 0 0 0 0 0 0 0 0 1 
0 0 0 0 0 1 0 0 1 1 0 0 0 1 1 0 1 0 1 0 0 0 0 1 0 
0 0 0 0 0 0 1 1 1 0 0 1 0 0 0 1 1 0 0 0 0 1 0 1 1 
0 0 0 0 0 1 0 0 0 0 1 1 1 1 0 1 0 1 0 0 0 0 0 0 0 
0 0 0 0 0 0 0 0 0 1 1 1 1 0 1 1 1 0 0 1 0 1 0 0 0 
0 0 1 0 0 0 0 1 1 1 1 0 1 0 0 1 1 0 0 1 0 0 0 0 0 
0 1 1 0 0 0 0 0 1 1 0 1 0 1 1 0 1 0 0 0 0 0 0 1 0 
0 0 1 0 1 0 1 1 0 0 1 0 1 1 0 0 0 1 0 0 1 1 0 0 0 
1 0 0 0 0 1 1 0 0 1 1 1 1 0 0 1 1 0 0 0 0 1 0 0 0 
0 0 1 0 0 0 1 1 0 1 0 1 1 1 1 1 1 0 1 0 1 0 0 0 0 
0 1 0 1 1 0 1 0 0 1 0 1 1 0 1 1 0 0 0 0 1 0 0 0 0 
0 1 0 0 1 1 1 0 0 1 0 0 1 1 0 0 0 1 1 0 0 0 0 0 0 
0 0 1 1 0 1 1 0 1 1 0 0 0 0 0 1 0 0 1 1 1 0 0 0 0 
0 0 0 1 1 1 1 0 1 0 0 0 1 1 1 0 1 0 0 0 0 0 0 0 0 
1 1 0 0 1 0 0 0 0 0 0 0 1 1 0 0 0 0 1 1 0 0 0 0 0 
1 0 0 0 1 0 0 1 1 0 1 1 0 0 0 0 0 0 1 0 0 0 0 0 0 
0 0 0 0 1 1 0 1 1 1 1 1 0 1 1 1 0 1 0 1 1 0 0 0 0 
0 0 1 1 0 1 0 0 0 1 0 0 0 0 0 0 0 0 0 0 0 0 0 0 0 
1 0 0 1 1 0 0 0 1 0 0 0 0 1 0 1 0 0 0 1 0 0 0 0 0 
0 1 0 1 0 0 1 0 1 0 0 1 1 1 0 0 0 0 1 1 1 1 0 0 0 
0 0 1 1 0 0 1 0 0 1 0 1 0 0 0 0 0 0 0 0 0 0 0 0 0 
1 0 0 0 1 0 0 0 0 0 0 1 0 0 0 0 0 0 0 0 0 0 0 0 0 
1 0 0 0 0 0 0 1 0 0 0 0 0 0 0 0 0 0 0 0 0 0 0 0 0 