# File created on Sat Mar  7 12:01:07 2020
0 0 0 0 0 1 1 0 1 0 1 0 1 0 1 0 1 0 1 0 0 0 0 0 0 
0 0 0 1 1 0 0 0 1 0 0 0 1 1 0 1 0 0 0 0 1 0 0 0 0 
1 1 1 0 0 0 1 0 1 0 0 1 0 1 0 0 0 0 0 0 0 1 1 0 0 
1 1 0 1 0 0 0 1 0 1 1 0 1 0 0 0 0 0 0 0 1 0 0 0 0 
0 0 0 0 1 1 0 1 1 0 1 0 0 1 1 0 0 0 0 1 0 0 0 0 0 
0 1 1 0 0 0 1 0 0 1 0 1 0 1 0 0 0 0 0 0 1 0 0 0 0 
0 1 1 1 0 0 1 0 1 0 0 1 0 1 0 0 0 0 0 0 0 0 0 0 0 
0 1 0 1 0 0 0 1 0 1 0 1 0 0 1 1 1 1 0 0 0 0 0 0 0 
0 0 1 1 0 0 0 1 0 0 1 0 1 1 1 0 1 0 0 0 0 0 0 0 0 
0 1 0 0 0 1 1 0 0 1 0 1 0 0 1 1 0 1 0 0 0 0 0 0 0 
1 0 0 0 1 0 0 0 0 1 0 1 0 0 0 1 0 0 0 0 0 0 0 1 0 
1 0 0 1 1 0 1 0 0 0 0 0 1 0 1 0 0 0 0 0 0 1 0 0 0 
0 0 1 0 1 1 0 1 0 0 0 0 0 0 0 0 1 1 0 0 0 0 0 0 0 
0 0 1 1 0 0 0 0 0 0 0 1 0 0 0 0 0 0 0 0 0 0 1 1 0 
1 0 0 0 0 0 0 1 0 1 0 1 1 0 1 1 1 0 0 0 0 0 0 1 0 
0 0 0 1 1 0 1 0 1 0 0 1 0 0 0 0 1 1 0 0 0 0 0 0 0 
1 0 1 0 0 0 0 0 0 0 1 1 0 0 0 0 1 0 1 0 1 0 0 0 0 
0 0 0 0 1 0 1 0 1 0 1 1 0 0 0 0 0 0 0 0 0 1 0 0 0 
0 0 1 0 0 1 0 1 0 1 0 0 0 0 0 0 0 1 0 0 0 0 1 0 0 
0 0 1 0 0 0 0 0 0 1 0 0 1 0 1 0 0 0 0 0 0 0 0 0 0 
0 0 0 0 0 0 1 1 0 0 0 0 1 0 1 0 0 0 0 0 0 0 0 0 0 
0 0 0 0 1 1 0 0 0 0 0 1 0 0 0 0 1 0 0 0 0 0 1 0 0 
0 1 0 0 1 0 0 0 1 0 0 1 0 0 0 1 0 1 1 0 1 0 0 0 0 
0 0 1 0 1 1 0 0 0 0 1 0 0 0 0 0 0 0 0 0 1 0 0 0 0 
0 0 0 0 0 0 0 0 1 0 0 0 0 0 0 0 0 0 0 0 0 0 0 0 0 