# File created on Sat Mar  7 11:49:56 2020
0 1 0 0 0 0 1 0 0 0 0 0 1 1 0 1 0 1 0 0 1 0 1 0 0 
0 1 0 1 0 1 0 1 0 0 0 1 0 0 0 0 0 1 1 0 0 1 0 1 1 
0 0 1 0 0 1 0 0 1 1 1 1 1 0 0 0 1 0 1 0 0 1 0 0 0 
1 0 0 0 1 0 1 1 0 0 0 0 1 1 1 0 0 0 0 1 0 1 0 0 0 
0 0 1 1 1 0 0 0 1 1 0 0 0 1 0 0 0 0 0 0 0 0 0 0 1 
0 0 0 1 1 1 1 1 1 1 1 0 0 0 0 1 0 0 0 0 0 0 1 0 1 
0 0 1 1 0 1 0 1 0 0 0 1 1 0 0 0 1 0 1 0 1 0 0 0 0 
0 0 1 0 1 0 1 0 0 1 0 0 0 0 1 0 1 1 0 1 0 0 0 0 0 
0 1 0 0 1 1 0 0 1 0 0 0 0 0 0 1 1 1 1 1 0 0 1 0 0 
1 1 0 1 0 0 0 0 0 0 1 0 1 0 1 0 1 0 1 0 1 0 1 0 0 
0 1 1 0 0 0 0 0 0 1 1 0 0 0 0 1 1 0 0 0 0 1 0 0 0 
0 0 0 0 0 1 0 1 0 0 1 1 1 1 1 0 1 1 0 1 0 1 0 0 0 
0 1 0 0 0 1 1 0 0 1 0 1 1 0 0 0 0 0 0 0 0 0 0 0 0 
1 0 0 0 1 0 0 1 1 1 1 0 0 1 1 0 1 1 0 0 0 0 0 0 0 
0 1 0 0 0 0 0 1 1 1 0 1 0 0 1 0 1 0 0 1 0 0 0 0 0 
0 0 0 1 0 0 1 1 1 1 0 0 0 1 0 1 1 0 0 0 0 0 0 1 0 
1 0 1 0 0 0 0 0 0 1 1 0 0 1 0 0 0 0 0 1 0 1 0 1 0 
1 0 1 0 0 0 1 0 1 0 0 1 0 0 0 0 0 0 0 0 1 0 0 0 0 
1 0 0 1 0 0 0 0 1 1 1 1 0 1 0 0 0 0 0 0 1 0 0 0 0 
1 0 1 0 0 0 0 0 0 0 0 0 1 0 0 0 1 0 0 0 0 0 0 0 0 
0 0 0 1 1 0 1 0 1 1 0 1 0 0 1 0 0 1 0 1 0 0 1 0 0 
0 0 0 0 0 0 1 0 1 0 0 0 0 0 0 1 0 1 1 0 0 0 0 0 0 
1 0 1 1 0 0 0 0 0 1 1 0 0 0 0 0 0 0 0 0 0 0 0 0 0 
1 0 0 0 1 0 0 0 0 0 0 0 0 0 0 0 0 0 0 0 0 0 0 0 0 
0 0 0 0 0 0 0 0 0 0 0 1 0 0 0 0 0 0 0 0 0 0 0 0 0 