# File created on Sat Mar  7 11:46:12 2020
1 0 1 1 0 1 0 0 0 0 1 0 0 1 0 0 1 0 0 0 1 0 0 0 0 
0 1 0 0 1 0 0 1 1 1 0 0 0 0 1 1 0 1 0 0 0 0 0 0 0 
1 0 0 1 1 1 0 1 0 0 1 1 1 0 0 0 0 0 0 0 1 1 0 0 0 
0 0 0 0 0 0 1 0 0 0 1 1 1 1 1 1 0 0 1 0 0 1 0 1 1 
0 1 1 0 0 1 0 1 1 0 1 0 0 0 0 0 1 0 0 0 0 0 0 0 1 
1 0 0 1 0 0 0 0 0 0 1 0 1 0 1 1 1 1 1 0 0 0 0 1 0 
0 0 0 0 1 1 0 1 1 0 0 1 0 1 1 0 0 1 0 1 0 0 0 0 0 
0 0 0 0 1 0 1 1 0 1 1 0 1 0 0 1 1 0 1 1 0 1 0 1 0 
0 0 1 0 0 0 1 0 0 1 1 1 1 1 1 0 0 1 0 0 0 1 0 1 0 
1 0 0 0 0 0 0 1 1 1 0 1 1 1 0 0 1 1 1 0 0 0 1 0 0 
1 1 1 0 0 0 0 1 0 0 0 1 1 0 0 0 0 0 0 0 1 0 0 0 0 
0 1 1 0 0 1 1 1 1 1 0 0 1 0 0 0 0 0 0 0 0 1 0 0 0 
0 1 0 1 1 0 1 0 1 0 1 1 0 0 0 0 1 0 0 0 0 0 1 0 0 
0 0 1 1 1 0 0 0 0 0 0 1 1 0 0 0 0 1 0 0 0 0 0 0 0 
0 0 1 0 1 1 0 0 1 0 0 1 0 1 0 0 0 0 0 0 0 0 0 1 0 
1 0 0 0 1 1 0 0 1 1 0 0 1 1 1 0 1 0 1 0 0 0 0 0 0 
0 0 0 0 0 0 1 1 1 1 1 1 1 0 0 1 0 0 0 0 0 0 0 0 0 
1 0 0 0 0 0 1 1 1 1 0 0 0 0 0 0 1 0 0 0 0 0 0 0 0 
0 1 0 0 0 0 1 0 0 0 0 0 0 1 0 1 0 0 0 0 0 0 1 0 0 
0 1 0 1 0 1 0 0 0 1 0 1 0 0 0 0 0 0 1 0 0 0 0 0 0 
0 1 0 1 0 1 0 0 0 0 1 0 0 0 0 0 1 0 0 0 0 0 1 0 0 
0 0 0 0 0 1 0 0 0 0 1 0 1 0 0 0 0 0 0 0 0 0 0 0 0 
0 0 0 0 0 1 1 0 0 0 0 0 0 0 0 1 0 1 0 0 0 0 0 1 0 
0 0 1 0 0 0 0 0 1 0 0 0 0 0 0 0 0 0 0 0 0 0 0 0 0 
1 0 0 0 0 0 0 0 0 0 0 0 0 1 0 0 0 0 0 0 0 0 0 0 0 