# File created on Sat Mar  7 12:42:11 2020
1 0 0 0 0 0 0 1 1 0 0 0 0 0 0 1 1 0 0 0 0 0 0 0 0 
0 0 0 0 0 0 1 0 1 0 0 0 1 0 1 0 0 0 1 1 1 0 0 0 1 
0 1 0 0 1 0 0 0 0 0 0 0 0 1 1 1 1 1 0 1 0 0 0 0 0 
0 0 0 1 0 0 1 1 1 0 1 0 0 1 0 0 1 0 0 0 1 0 0 0 0 
0 1 0 0 1 0 0 0 0 0 0 1 0 0 1 0 1 0 1 1 1 0 1 1 0 
1 1 0 0 0 0 0 0 0 0 1 1 1 1 0 0 0 1 0 1 0 1 0 1 1 
0 0 1 0 0 1 0 0 0 0 1 1 0 1 1 0 0 1 1 0 0 0 1 1 1 
0 0 0 0 0 0 1 0 0 1 1 0 1 0 0 1 1 1 1 0 0 1 1 1 1 
0 0 0 0 0 0 0 0 1 1 0 1 1 1 0 1 1 0 0 1 0 1 1 1 0 
0 0 0 1 0 0 0 1 1 1 1 1 0 0 1 0 0 1 1 0 1 1 0 0 0 
0 0 1 0 1 1 0 0 0 0 0 0 0 1 1 1 1 0 1 0 1 1 0 0 1 
0 0 0 1 1 0 1 0 0 0 1 0 1 1 1 0 0 1 1 0 1 1 0 1 0 
0 1 1 0 0 0 0 1 0 1 1 0 1 1 1 0 0 0 1 1 1 1 0 0 0 
0 0 1 0 0 0 1 0 0 1 1 1 1 1 0 1 1 1 0 1 1 1 1 1 0 
1 0 0 1 0 0 0 1 1 0 1 1 0 1 0 0 1 0 1 1 1 0 1 1 1 
0 0 0 0 0 1 1 1 0 1 0 1 1 1 1 1 1 1 1 0 0 0 1 0 0 
0 1 1 1 0 0 0 0 1 1 0 1 0 0 1 1 0 1 0 1 0 1 0 1 0 
0 0 0 0 0 1 0 1 1 1 1 0 1 1 0 1 1 1 1 1 1 0 1 0 0 
1 0 0 0 1 1 0 1 0 0 1 1 1 0 0 1 1 1 0 1 1 1 0 0 0 
0 0 0 1 0 0 1 1 0 1 1 1 1 0 1 0 1 1 0 0 0 0 1 1 0 
1 0 1 0 1 1 1 0 0 1 0 0 0 0 0 0 0 0 0 0 0 1 0 0 1 
0 0 1 1 0 0 1 0 0 1 0 1 0 0 0 0 0 0 1 1 0 0 0 1 0 
1 1 0 0 1 1 1 0 1 1 0 0 0 0 0 0 0 0 0 0 0 0 0 1 0 
0 1 1 0 0 1 0 1 1 0 0 1 0 1 0 0 1 1 0 0 1 1 0 0 0 
0 0 0 1 0 1 1 0 0 0 0 1 0 0 0 0 0 0 0 0 0 0 0 0 0 