# File created on Mon Mar  9 11:56:17 2020
0 0 0 0 0 0 0 0 1 1 0 0 0 1 1 0 1 1 1 1 0 1 1 1 1 
0 0 0 0 0 0 0 0 0 0 1 0 0 0 1 0 1 0 0 1 1 0 0 1 1 
0 0 0 0 0 0 0 0 0 1 0 1 1 0 1 0 0 1 1 1 1 1 1 1 0 
0 0 0 0 0 0 0 0 0 1 1 0 1 1 0 0 0 1 1 1 1 0 1 0 0 
0 0 0 0 0 0 0 0 0 1 1 0 0 0 1 1 1 1 0 1 0 0 1 1 1 
0 0 0 0 0 0 0 0 0 0 0 1 0 1 1 1 1 0 1 0 1 0 1 1 1 
0 0 0 0 0 1 0 0 0 0 1 1 1 0 0 1 1 1 1 0 1 1 0 0 1 
0 0 0 0 1 0 0 1 0 1 0 0 1 1 1 0 0 1 0 1 1 0 1 1 0 
0 0 0 0 0 0 0 0 0 0 1 1 1 1 1 1 0 1 1 0 1 1 0 1 1 
0 0 0 0 1 0 1 0 0 0 0 1 1 1 0 0 1 1 1 0 1 1 0 1 1 
0 0 0 0 0 0 0 0 0 0 1 1 1 1 0 1 1 0 1 1 1 1 0 1 1 
0 0 0 0 0 1 0 0 1 1 1 1 0 0 0 1 1 0 0 1 1 1 1 1 0 
0 0 0 0 0 0 0 0 0 1 0 1 1 0 0 1 1 1 0 1 0 1 1 1 1 
0 0 0 0 0 1 0 0 0 1 1 0 1 1 1 1 0 0 0 1 0 1 1 1 1 
0 0 0 0 0 0 0 0 1 0 1 0 1 1 0 0 1 0 1 1 1 1 0 1 1 
0 0 0 0 0 0 0 1 0 1 0 1 0 1 1 1 0 0 1 1 0 0 0 1 1 
0 0 0 0 0 1 0 0 0 1 0 0 0 0 0 1 1 1 0 1 1 1 1 0 1 
0 0 0 0 1 0 0 0 0 0 1 1 1 0 0 1 1 0 0 1 0 1 0 1 1 
0 0 0 0 1 0 0 0 0 0 0 1 0 1 1 0 0 1 1 0 1 1 1 0 1 
0 0 0 0 1 1 0 0 0 1 1 0 0 1 1 0 0 1 1 0 1 1 1 1 1 
0 0 0 0 0 0 1 0 0 0 1 1 1 1 1 1 0 1 0 1 1 0 1 1 1 
0 0 0 0 0 0 1 0 0 0 1 0 0 0 1 1 1 0 1 1 1 1 1 1 1 
0 0 0 0 0 0 0 0 1 1 0 1 1 1 1 0 1 1 1 0 1 0 1 1 1 
0 0 0 0 0 0 0 0 0 0 0 1 1 0 1 1 0 1 1 1 1 0 1 1 1 
0 0 0 0 1 1 0 0 0 1 0 0 1 1 0 1 1 0 0 1 1 1 1 0 1 