# File created on Mon Mar  9 12:20:32 2020
0 0 0 0 0 0 1 0 0 0 0 0 1 0 0 1 1 0 1 0 1 1 1 1 1 
0 0 0 0 0 0 0 0 0 0 0 1 1 0 1 1 0 0 1 1 0 0 1 1 0 
0 0 0 0 0 0 0 0 0 0 0 1 1 0 0 1 0 1 0 0 1 1 1 1 0 
0 0 0 0 0 0 0 0 0 1 0 1 0 1 1 0 1 1 1 1 0 1 0 1 1 
0 0 0 0 0 0 0 0 1 0 0 1 1 1 0 0 0 1 0 1 1 0 1 0 1 
0 0 0 0 0 0 0 0 0 0 0 0 0 0 0 1 0 1 1 1 1 1 1 1 0 
0 0 0 0 0 0 0 0 0 1 0 0 1 1 1 1 1 1 0 1 0 1 0 1 1 
0 0 0 0 0 0 0 0 0 0 0 1 1 1 0 0 1 1 0 1 1 1 1 1 1 
0 0 0 0 0 0 0 0 0 0 0 1 0 1 0 1 0 1 1 1 1 1 0 0 1 
0 0 0 0 0 0 0 0 0 1 0 0 0 1 1 0 1 0 0 0 1 1 1 1 1 
0 0 0 0 0 0 0 0 0 0 1 1 0 0 1 0 1 1 1 0 1 1 1 0 1 
0 0 0 0 0 0 0 1 0 0 0 0 0 1 1 1 1 1 0 0 0 1 1 1 1 
0 0 0 0 0 0 0 0 0 0 1 0 1 0 1 0 1 0 1 1 1 1 1 1 1 
0 0 0 0 0 0 0 0 0 1 0 0 1 0 1 1 1 1 0 1 1 1 0 0 1 
0 0 0 0 0 0 0 0 0 0 0 1 1 1 1 0 1 0 1 1 1 1 1 1 0 
0 0 0 0 0 0 0 0 0 0 0 1 1 0 0 0 1 1 1 0 1 0 1 1 1 
0 0 0 0 0 0 0 0 0 0 0 0 1 1 0 0 1 1 1 1 1 0 1 1 1 
0 0 0 0 0 0 0 0 0 0 1 1 0 1 0 1 0 0 0 1 1 1 1 1 1 
0 0 0 0 0 0 0 0 0 0 0 1 0 1 1 1 1 1 1 1 1 1 0 1 1 
0 0 0 0 0 0 0 0 0 0 1 1 1 1 1 1 1 0 1 1 1 0 1 1 1 
0 0 0 0 0 0 0 0 0 0 0 1 0 1 1 0 0 1 1 1 0 1 1 1 1 
0 0 0 0 0 0 0 0 0 1 0 0 1 1 1 1 1 1 1 0 1 1 1 1 1 
0 0 0 0 0 0 0 0 0 1 1 0 1 0 1 1 1 1 1 1 0 1 1 1 1 
0 0 0 0 0 0 0 0 0 0 0 0 1 1 1 1 1 1 1 1 1 0 1 1 1 
0 0 0 0 0 0 0 0 0 1 1 1 1 1 1 1 1 1 1 1 1 1 1 1 1 