# File created on Mon Mar  9 17:29:04 2020
0 0 0 0 0 0 0 0 0 0 0 0 0 1 0 1 1 1 0 0 1 0 1 1 0 
0 0 0 0 0 0 0 0 0 0 1 1 0 0 0 0 1 1 1 1 0 1 1 1 0 
0 0 0 0 1 0 0 0 0 1 0 1 1 1 1 0 1 0 0 1 1 0 0 1 0 
0 0 0 0 0 0 0 0 1 0 0 1 1 1 1 1 0 1 0 0 0 0 0 0 1 
0 0 0 0 0 0 0 0 1 0 1 1 0 1 0 0 0 0 1 1 1 1 1 1 1 
0 0 0 0 0 0 0 0 0 1 1 0 0 0 1 1 1 0 0 1 0 1 1 1 1 
0 0 0 0 0 0 0 1 0 0 1 0 0 0 0 0 1 1 0 1 1 1 1 0 1 
0 0 0 0 0 0 0 0 0 1 1 0 0 1 1 1 0 1 1 1 0 0 1 1 1 
0 0 0 0 0 0 1 0 0 0 0 0 1 1 0 0 0 1 0 0 0 1 1 0 1 
0 0 0 0 0 0 0 0 1 1 0 0 0 0 0 1 1 0 1 1 1 1 1 0 1 
0 0 0 0 0 0 0 0 0 0 1 0 0 0 1 1 0 1 1 1 1 1 0 1 1 
0 0 0 0 0 0 0 0 0 0 1 1 1 0 0 0 1 0 1 1 1 1 1 1 1 
0 0 0 0 0 0 0 0 0 0 1 1 0 1 1 1 0 0 1 0 1 1 1 1 1 
0 0 0 0 0 0 0 0 0 1 1 0 0 1 0 0 1 1 1 0 1 1 1 1 1 
0 0 0 0 0 0 0 0 0 1 0 1 1 0 1 1 1 1 1 1 1 1 1 0 1 
0 0 0 0 0 0 0 0 0 1 0 1 1 1 1 0 1 1 0 1 1 1 0 1 1 
0 0 0 0 0 0 0 0 0 1 1 0 1 1 0 1 0 1 1 0 1 1 1 1 1 
0 0 0 0 0 0 0 0 0 1 0 1 0 0 1 1 1 1 0 1 1 0 1 1 1 
0 0 0 0 0 0 0 0 0 0 1 0 1 1 1 1 0 1 1 1 1 1 0 1 1 
0 0 0 0 0 0 0 0 0 1 1 1 0 0 0 1 1 0 1 1 1 0 1 1 1 
0 0 0 0 0 0 0 0 0 1 0 0 0 1 1 0 1 1 1 0 0 0 1 1 1 
0 0 0 0 0 0 0 0 0 1 1 1 1 1 1 1 0 1 1 1 0 1 0 0 1 
0 0 0 0 0 0 0 0 0 1 0 1 0 0 1 1 1 1 0 1 1 1 0 1 1 
0 0 0 0 0 0 0 0 0 1 0 1 1 1 1 1 1 0 1 1 0 1 1 1 1 
0 0 0 0 0 0 0 0 0 0 1 1 1 1 1 1 1 0 1 0 1 1 1 1 1 