# File created on Thu Mar  5 00:14:31 2020
1 1 1 1 1 1 1 0 0 1 0 0 1 0 0 1 0 0 0 0 1 0 0 1 1 
1 0 1 1 0 1 1 1 1 0 0 0 0 0 1 0 0 1 0 0 0 1 1 1 0 
0 1 1 1 0 1 0 0 1 0 1 1 1 0 0 0 1 0 0 0 0 0 0 1 0 
1 0 0 0 1 0 1 1 0 0 1 1 0 0 0 0 0 0 1 1 1 1 1 0 0 
1 0 1 0 1 0 0 1 1 0 0 0 0 0 0 1 0 0 0 1 1 1 0 0 1 
0 0 0 0 0 0 1 1 1 1 1 0 0 0 0 1 0 1 1 0 0 0 1 0 0 
0 0 0 1 0 0 0 1 0 0 0 1 1 1 0 0 1 0 1 1 1 0 1 1 0 
0 0 1 0 1 0 1 0 0 1 0 0 0 0 1 0 0 1 1 1 0 1 1 1 1 
0 0 0 0 1 0 1 0 0 0 1 1 0 0 0 1 0 1 1 1 0 1 1 0 0 
1 0 0 1 0 0 0 0 0 0 1 1 1 0 0 0 1 0 0 1 0 0 1 0 0 
0 0 0 0 0 0 0 1 0 1 1 0 0 0 0 1 1 0 0 1 1 1 1 0 0 
0 0 0 0 0 0 1 1 0 0 1 0 1 1 0 0 0 1 1 1 1 1 0 0 1 
0 0 0 1 0 1 0 0 0 0 1 0 1 0 0 0 0 0 0 1 0 1 1 0 0 
1 0 0 0 0 0 0 1 1 1 0 0 0 0 0 0 0 0 0 1 0 0 1 1 0 
1 0 0 1 0 0 0 0 1 1 0 0 0 0 1 0 0 0 0 1 1 0 0 0 0 
0 0 0 1 0 0 0 0 0 1 1 0 0 1 0 0 1 0 0 1 0 0 0 0 0 
0 0 0 0 0 0 1 0 0 0 1 0 0 1 0 0 1 0 0 1 1 0 0 1 0 
0 0 1 0 0 0 1 0 1 0 0 0 1 0 0 0 0 0 0 0 1 0 0 0 1 
0 0 0 0 0 0 0 0 0 0 1 1 0 1 0 0 0 0 1 0 1 0 1 1 0 
0 0 0 0 0 1 0 1 1 0 0 0 1 0 0 0 0 0 0 0 0 1 0 1 1 
0 0 0 0 0 0 1 0 1 0 0 1 1 0 1 0 0 0 0 0 0 0 1 1 0 
0 0 0 1 0 0 0 0 0 0 0 0 0 1 0 1 0 1 1 1 0 0 0 0 0 
0 0 0 0 0 0 1 0 0 1 0 0 0 0 0 0 0 0 1 0 1 0 1 0 0 
0 0 0 0 1 0 0 0 0 0 0 0 0 0 0 0 0 0 0 0 1 0 0 0 1 
0 0 0 0 0 1 0 0 0 0 0 0 0 0 0 0 0 0 0 0 0 0 0 0 0 