# File created on Thu Mar  5 01:06:51 2020
0 0 1 1 1 1 1 0 0 1 0 0 0 1 1 1 1 1 1 0 0 0 0 1 1 
0 0 0 1 1 0 0 0 1 0 1 1 0 0 0 1 1 0 1 0 0 0 1 1 1 
1 0 1 1 0 1 0 1 0 1 0 1 0 0 0 1 1 1 1 0 0 1 0 1 1 
1 1 0 0 1 1 1 1 0 1 0 0 0 0 1 1 0 1 1 1 0 0 1 0 0 
0 1 0 1 1 0 0 1 1 0 1 1 1 1 1 0 0 0 1 0 1 1 0 1 1 
0 1 0 1 0 0 0 0 0 0 1 1 1 1 0 1 1 1 1 0 1 1 1 1 1 
0 1 1 0 1 0 0 0 1 1 0 1 0 0 0 1 1 1 1 1 1 1 0 0 1 
0 0 0 1 1 0 0 1 0 1 1 0 0 1 1 1 1 1 1 1 1 1 1 1 0 
1 0 1 1 0 1 1 0 1 0 0 1 0 0 1 0 0 0 0 1 0 1 1 1 1 
1 1 1 0 1 0 0 1 0 0 1 0 1 0 0 0 0 0 1 1 0 1 1 0 1 
0 1 0 0 1 0 1 0 0 0 1 0 1 0 0 1 0 1 1 1 1 0 1 1 1 
0 0 0 0 1 1 0 1 0 1 0 0 0 0 0 1 1 0 1 1 0 1 1 0 1 
1 0 0 0 1 0 0 0 0 1 0 0 1 0 0 0 0 0 1 0 1 0 1 0 1 
1 0 0 0 1 0 0 0 0 0 1 0 0 0 1 1 1 0 0 1 0 1 1 0 1 
0 0 1 1 0 1 0 0 1 0 0 0 1 0 1 0 0 1 0 0 0 1 0 1 1 
1 0 0 0 1 0 0 1 1 1 0 0 0 1 0 0 1 0 0 0 1 0 1 1 1 
0 1 0 0 0 0 0 0 1 1 1 0 1 0 1 1 1 1 0 1 0 0 0 1 1 
0 0 0 1 0 0 1 1 0 0 0 0 0 0 0 1 0 0 0 1 1 0 1 1 1 
0 0 0 0 1 0 0 0 1 0 0 0 0 0 0 1 0 1 1 1 0 0 1 1 1 
1 0 0 0 0 0 0 1 0 0 0 0 0 0 0 1 0 1 1 0 1 0 0 1 1 
0 0 0 1 0 0 0 0 0 0 0 0 0 1 0 0 0 1 0 0 1 0 1 0 1 
0 0 1 0 1 0 0 0 0 0 0 0 0 0 1 1 1 0 1 0 0 0 0 1 1 
1 0 0 0 0 0 0 0 0 0 0 0 0 0 0 0 0 1 0 1 1 0 1 0 1 
1 0 0 0 0 0 0 0 0 1 0 0 0 0 0 0 0 0 0 0 1 0 1 1 1 
0 0 0 1 0 0 0 0 0 0 0 0 0 0 0 0 0 0 1 0 1 0 0 0 1 