# File created on Thu Mar  5 01:10:48 2020
1 0 1 1 1 0 1 1 1 1 0 1 1 1 0 1 1 1 0 0 0 0 0 1 0 
0 0 0 1 0 1 1 0 1 0 0 1 1 0 1 1 1 0 1 1 1 0 0 1 1 
1 1 0 1 1 0 0 0 0 0 0 0 0 1 1 1 1 1 0 1 0 0 0 0 1 
0 0 0 1 0 0 1 1 1 0 1 1 0 1 0 1 1 0 0 0 1 0 1 0 1 
1 1 1 1 1 0 0 0 0 1 1 1 0 0 0 0 1 0 1 0 1 0 1 1 0 
1 1 0 1 0 0 1 0 0 0 1 1 1 1 0 0 0 1 0 1 0 1 1 0 1 
1 0 1 1 0 1 0 0 0 1 1 1 0 1 1 0 0 1 1 0 0 0 1 0 1 
0 1 0 1 1 0 0 1 1 0 1 0 1 0 0 1 1 1 1 0 0 0 1 1 1 
0 1 0 1 0 0 0 0 1 1 0 1 1 1 1 1 1 0 0 0 0 1 1 1 1 
0 0 0 1 1 1 0 0 0 1 1 1 0 0 1 1 0 1 1 0 0 1 0 0 1 
0 0 1 0 1 1 0 0 1 0 0 1 0 1 0 1 1 0 1 0 1 0 1 0 1 
1 0 0 1 1 0 0 1 0 0 0 0 0 1 1 1 0 0 0 1 1 1 1 1 1 
1 1 1 1 0 0 0 1 0 1 1 0 1 0 1 0 0 0 0 0 0 0 0 0 0 
0 0 1 0 1 0 1 0 0 1 1 1 0 0 0 0 1 1 0 1 1 0 0 0 0 
1 0 1 1 0 0 1 0 0 0 0 1 0 1 0 0 1 0 1 1 1 0 0 1 0 
0 1 0 0 0 0 1 1 0 0 0 1 0 1 0 0 1 1 1 0 1 0 0 0 0 
0 0 1 1 0 0 0 0 1 0 0 0 0 0 1 1 0 1 0 1 0 0 0 1 0 
1 0 0 0 0 1 0 0 1 0 1 0 0 1 0 1 0 1 1 1 1 0 0 0 1 
1 0 0 0 1 0 0 1 0 0 1 1 1 0 1 0 0 0 0 1 0 0 0 0 0 
0 0 0 1 0 0 1 1 0 0 0 1 1 0 1 0 1 1 0 0 0 0 0 1 1 
0 0 1 0 0 0 1 1 0 0 0 0 0 0 0 0 0 0 0 1 0 1 1 0 1 
0 0 1 0 0 0 0 0 1 0 0 1 0 0 0 1 0 1 1 1 0 0 0 0 1 
1 0 0 0 1 0 0 0 1 1 0 0 0 0 0 0 0 0 0 0 1 0 0 1 0 
1 1 0 1 0 0 1 0 0 0 0 0 0 0 0 0 1 0 1 0 0 0 1 0 0 
0 0 0 0 0 1 0 0 0 0 1 0 0 0 0 0 0 0 0 1 0 0 0 0 1 