# File created on Wed Apr 22 16:10:38 2020
1 0 0 0 1 0 0 0 0 1 1 1 0 1 1 1 1 1 0 1 0 1 1 1 1 
0 0 0 0 1 0 1 1 0 0 1 1 1 1 1 0 1 1 1 1 1 0 1 1 1 
0 0 0 0 0 0 0 0 1 1 1 1 1 0 1 1 1 1 1 1 1 1 1 1 1 
0 0 0 0 0 0 0 0 1 1 0 0 1 1 0 0 1 1 0 1 1 1 1 1 1 
0 0 0 0 1 0 1 1 0 1 0 1 1 1 1 1 1 1 1 1 1 1 1 1 1 
0 1 0 1 0 0 0 0 0 0 0 0 1 1 0 1 1 1 1 1 1 1 1 1 1 
0 1 1 0 0 1 1 1 0 0 1 0 0 1 0 1 0 1 1 0 0 1 1 1 1 
0 0 0 0 0 0 0 1 1 0 1 1 0 1 1 1 1 1 1 1 1 1 1 1 1 
0 0 0 0 0 0 0 1 1 1 0 0 1 1 1 1 0 1 0 1 1 1 1 1 1 
0 0 0 0 1 1 1 1 1 0 0 1 0 1 1 1 1 0 0 0 0 1 1 1 1 
0 0 0 0 1 0 1 0 0 1 0 1 1 0 0 0 1 1 1 1 1 1 1 1 1 
0 0 0 1 0 0 0 0 0 0 0 1 0 1 0 1 0 1 1 1 1 1 1 1 1 
0 0 0 0 0 0 0 1 0 1 1 1 1 1 0 1 1 0 1 1 1 1 1 1 1 
0 0 0 0 0 0 0 1 0 1 0 1 1 0 1 0 1 1 1 1 1 1 1 1 1 
0 0 0 0 0 0 1 0 0 1 0 1 1 0 0 0 1 0 1 0 1 1 0 1 1 
0 0 0 0 1 1 0 1 0 0 0 1 1 1 0 0 0 1 1 1 1 1 0 1 1 
0 0 0 1 0 1 0 0 1 0 0 0 1 1 0 1 1 1 0 1 1 1 1 1 1 
0 0 1 0 0 0 0 0 0 1 1 0 1 0 1 1 1 1 1 1 0 1 1 1 1 
0 0 0 0 0 1 0 0 1 0 0 1 1 0 1 1 1 0 1 1 1 1 1 1 1 
0 0 0 0 0 0 0 1 1 1 0 1 1 1 1 0 1 1 1 1 1 1 1 1 1 
0 0 0 0 0 0 0 0 0 1 0 1 0 1 1 1 0 1 0 1 1 1 1 1 1 
0 0 0 0 0 0 0 0 1 0 1 1 1 0 1 1 1 0 1 1 1 1 1 1 1 
0 0 0 0 1 0 0 1 1 0 1 1 1 1 1 1 0 1 1 1 0 1 1 1 1 
0 0 0 1 0 0 1 1 0 1 0 0 1 1 1 1 1 1 1 0 1 1 1 1 1 
0 0 1 0 0 0 0 0 0 0 1 1 0 1 0 0 1 1 1 1 1 0 1 1 1 
0 0 0 0 0 1 0 0 1 0 0 0 0 1 1 1 1 1 1 1 1 1 1 1 1 
0 0 0 0 1 0 0 0 0 0 1 1 1 1 1 1 1 1 1 1 1 1 1 1 1 
0 0 0 1 0 0 0 1 0 0 1 0 0 1 1 0 1 0 1 1 0 1 1 1 1 
0 0 0 0 0 0 0 0 1 1 0 0 1 1 1 1 1 1 1 1 1 1 1 1 1 
0 0 0 0 0 1 0 0 1 0 1 0 1 1 0 1 1 1 1 1 1 1 1 1 1 
0 0 1 1 0 0 1 0 1 0 0 1 1 1 1 0 1 0 1 1 1 1 1 1 1 
0 0 0 0 0 0 0 1 0 0 1 1 1 1 0 1 1 1 1 1 1 1 1 1 1 
0 0 1 0 1 0 0 1 1 0 1 0 1 1 1 1 1 1 1 1 1 1 1 1 1 
0 0 1 1 0 0 1 1 1 1 1 0 1 0 0 1 1 1 0 1 1 1 1 1 1 
0 0 0 1 0 0 1 1 0 1 0 0 1 1 0 1 1 1 1 1 1 1 1 1 1 
0 0 0 0 0 0 0 1 0 0 1 1 1 0 1 1 0 1 1 1 1 1 1 1 1 
0 0 0 1 1 0 1 0 0 0 1 1 1 1 0 1 1 1 1 0 1 1 1 1 1 
0 0 0 0 0 1 1 1 0 1 1 0 1 1 1 1 0 1 0 1 1 1 1 1 1 
0 0 0 0 0 1 0 1 0 0 0 1 0 1 1 1 1 0 1 1 1 1 1 1 1 
0 0 0 0 1 0 0 0 1 1 1 0 1 1 1 1 1 1 1 1 1 1 1 1 1 
0 0 0 1 0 0 0 0 0 1 0 1 0 1 1 1 0 1 1 1 1 1 1 1 1 
0 0 0 1 0 1 1 1 1 0 1 0 1 1 1 1 1 1 1 1 1 1 1 1 1 
0 0 0 1 0 1 0 0 0 0 0 1 0 1 1 0 1 0 1 1 1 1 1 1 1 
0 0 1 0 1 0 0 0 0 0 0 1 0 1 1 1 1 1 1 1 1 1 1 1 1 
0 0 1 0 0 0 0 0 0 1 0 1 0 0 1 1 0 0 1 1 0 1 0 1 1 
0 0 0 0 0 0 0 1 0 1 1 1 1 1 1 0 1 1 1 1 1 1 1 1 1 
0 0 0 0 0 0 0 1 0 1 0 0 1 1 1 1 1 1 1 1 1 1 1 1 1 
0 0 1 0 0 0 0 0 1 0 1 1 1 1 1 0 0 1 1 1 1 1 1 1 1 
0 0 0 0 0 0 0 0 1 1 0 0 1 0 1 1 1 0 0 1 1 1 1 1 1 
0 0 0 1 0 1 1 1 0 0 1 1 1 0 0 1 1 1 1 1 1 1 1 1 1 