1.00000 1.00000 1.00000 1.00000 1.00000 1.00000 1.00000 1.00000 1.00000 1.00000 1.00000 1.00000 0.40594 0.53465 0.43564 0.37624 0.51485 0.45545 0.52475 0.47525 0.49505 0.55446 0.00000 0.00000 0.00000
0.86139 1.00000 1.00000 0.99010 1.00000 1.00000 1.00000 1.00000 1.00000 0.93069 0.94059 0.90099 0.13861 0.00990 0.00000 0.00000 0.00000 0.00000 0.13861 0.00000 0.13861 0.00000 0.00000 0.00000 0.95050
1.00000 1.00000 0.93069 0.99010 0.92079 0.96040 0.96040 0.97030 0.92079 0.09901 0.12871 0.11881 0.00000 0.00990 0.97030 0.00000 0.00000 0.00000 0.00000 0.00000 0.00000 0.00000 0.06931 0.00000 0.01980
0.70297 0.48515 0.00000 0.00000 0.00000 0.51485 0.00000 0.00000 0.00000 0.29703 0.00000 0.00000 0.22772 0.00000 0.00000 0.00000 0.00000 0.00000 0.16832 0.00000 0.00000 0.00000 0.00000 0.00000 0.70297
0.75248 0.00000 0.00000 0.00000 0.00000 0.00000 0.00000 0.00000 0.00000 0.24752 0.00000 0.00000 0.00000 0.00000 0.00000 0.00000 0.00000 0.00000 0.17822 0.00000 0.17822 0.00000 0.00000 0.00000 0.75248
0.00000 0.00000 0.00000 0.42574 0.01980 0.02970 0.00990 0.04950 0.02970 0.38614 0.00000 0.00000 0.00000 0.00000 0.04950 0.00000 0.00000 0.00000 0.00000 0.00000 0.00000 0.00000 0.00000 0.00000 1.00000
0.00000 0.00000 0.40594 0.00000 0.03960 0.04950 0.01980 0.00990 0.01980 0.45545 0.00000 0.00000 0.00000 0.00000 0.00000 0.00000 0.00000 0.00000 0.00000 0.00000 0.00000 0.00000 0.00000 0.00000 0.00000
0.00000 1.00000 0.00000 0.00000 0.02970 0.02970 0.02970 0.03960 0.01980 0.82178 0.00000 0.00000 0.00000 0.00000 0.02970 0.00000 0.00000 0.00000 0.00000 0.00000 0.00000 0.00000 0.00000 0.00000 0.00000
0.77228 0.00000 0.00000 0.00000 0.00000 0.00000 0.00000 0.00000 0.00000 0.22772 0.00000 0.00000 0.10891 0.00000 0.00000 0.00000 0.00000 0.00000 0.00000 0.00000 0.13861 0.00000 0.00000 0.00000 0.77228
0.00000 0.00000 0.00000 0.00000 0.00000 0.00000 0.00000 0.00000 0.00000 0.00000 0.00000 0.00000 0.00000 0.00000 0.00000 0.00000 0.00000 0.00000 0.00000 0.00000 0.00000 0.00000 0.00000 0.00000 1.00000
0.00000 0.00000 0.00000 0.00000 0.02970 0.04950 0.03960 0.05941 0.06931 0.72277 0.00000 0.00990 0.00000 0.00000 0.01980 0.00000 0.00000 0.00000 0.00000 0.00000 0.00000 0.00000 0.00000 0.00000 0.00000
0.00000 0.00000 0.00000 0.00000 0.02970 0.03960 0.04950 0.07921 0.04950 0.72277 0.00000 0.00000 0.00000 0.00000 0.02970 0.00000 0.00000 0.00000 0.00000 0.00000 0.00000 0.00000 0.00000 0.00000 0.00000
0.00000 0.00000 0.00000 0.00000 0.00000 0.00000 0.00000 0.00000 0.00000 0.00000 0.00000 0.00000 0.00000 0.00000 0.00000 0.00000 0.00000 0.00000 0.00000 0.00000 0.00000 0.00000 0.00000 0.00000 1.00000
0.00000 0.00000 0.00000 0.00000 0.05941 0.05941 0.07921 0.03960 0.06931 0.69307 0.00000 0.00000 0.00000 0.00000 0.00000 0.00000 0.00000 0.00000 0.00000 0.00000 0.00000 0.00000 0.00000 0.00000 0.00000
0.00000 0.00000 0.05941 0.00000 0.04950 0.02970 0.06931 0.04950 0.01980 0.72277 0.00000 0.00000 0.00000 0.00000 0.00000 0.00000 0.00000 0.00000 0.00000 0.00000 0.00000 0.00000 0.94059 0.00000 0.00000
0.00000 0.00000 0.00000 0.00000 0.00000 0.00000 0.00000 0.00000 0.00000 0.00000 0.00000 0.00000 0.00000 0.00000 0.00000 0.00000 0.00000 0.00000 0.00000 0.00000 0.00000 0.00000 0.00000 0.00000 1.00000
0.00000 0.00000 0.00000 0.00000 0.00000 0.00000 0.00000 0.00000 0.00000 0.00000 0.00000 0.00000 0.00000 0.00000 0.00000 0.00000 0.00000 0.00000 0.00000 0.00000 0.00000 0.00000 0.00000 0.00000 0.00000
0.00000 0.00000 0.00000 0.00000 0.00000 0.00000 0.00000 0.00000 0.00000 0.00000 0.00000 0.00000 0.00000 0.00000 0.00000 0.00000 0.00000 0.00000 0.00000 0.00000 0.00000 0.00000 0.00000 0.00000 1.00000
0.00000 0.37624 0.00000 0.00000 0.00000 0.58416 0.00000 0.00000 0.00000 0.03960 0.00000 0.00000 0.00000 0.00000 0.00000 0.00000 0.00000 0.00000 0.00000 0.00000 0.33663 0.00000 0.00000 0.00000 0.00000
0.00000 0.00000 0.00000 0.00000 0.00000 0.00000 0.00000 0.00000 0.00000 0.00990 0.01980 0.00000 0.00000 0.00000 0.97030 0.00000 0.00000 0.00000 0.00000 0.00000 0.00000 0.00000 0.00000 0.00000 0.00000
0.00000 0.00000 0.00000 0.23762 0.00000 0.00000 0.00000 0.00000 0.00000 0.76238 0.00000 0.00000 0.00000 0.43564 0.00000 0.00000 0.00000 0.00000 0.00000 0.00000 0.00000 0.00000 0.00000 0.00000 0.00000
0.00000 0.00000 0.00000 0.00000 0.00000 0.00000 0.00000 0.00000 0.00000 0.00000 0.00000 0.00000 0.00000 0.00000 0.00000 0.00000 0.00000 0.00000 0.00000 0.00000 0.00000 0.00000 0.00000 0.00000 1.00000
0.00000 0.00000 0.00000 0.00000 0.00000 0.00000 0.00000 0.00000 0.00000 0.00990 0.05941 0.01980 0.00000 0.00000 0.91089 0.00000 0.00000 0.00000 0.00000 0.00000 0.00000 0.00000 0.00000 0.00000 0.00000
0.00000 0.00000 0.00000 0.00000 0.03960 0.00990 0.02970 0.06931 0.08911 0.74257 0.00990 0.00000 0.00000 0.00000 0.00990 0.00000 0.00000 0.00000 0.00000 0.00000 0.00000 0.00000 0.00000 0.00000 0.00000
0.92079 0.00000 0.00000 0.00000 0.00000 0.00000 0.00000 0.00000 0.00000 0.07921 0.00000 0.00000 0.05941 0.00000 0.00000 0.00000 0.00000 0.00000 0.03960 0.00000 0.03960 0.00000 0.00000 0.00000 0.00000
