1.00000 1.00000 1.00000 1.00000 1.00000 1.00000 1.00000 1.00000 0.02970 1.00000 0.52475 0.54455 1.00000 1.00000 0.95050 0.77228 1.00000 0.00000 0.96040 0.99010 0.98020 0.40594 0.01980 0.00990 0.76238
1.00000 1.00000 1.00000 1.00000 1.00000 0.00000 1.00000 0.99010 1.00000 0.00000 1.00000 1.00000 0.98020 0.98020 0.80198 0.45545 0.06931 0.20792 0.66337 0.87129 0.77228 0.57426 0.02970 0.73267 0.15842
1.00000 0.98020 0.00000 1.00000 0.00000 0.77228 1.00000 0.30693 1.00000 0.19802 0.98020 0.93069 0.99010 0.99010 0.95050 0.68317 0.65347 0.13861 0.32673 0.00000 0.14851 0.44554 0.03960 0.60396 0.02970
1.00000 1.00000 1.00000 0.00000 1.00000 0.00000 0.00000 0.00000 0.00000 0.00000 1.00000 0.98020 0.05941 0.47525 0.49505 0.96040 0.00000 0.01980 0.00000 0.00990 0.00000 0.00000 0.96040 0.03960 0.04950
1.00000 1.00000 1.00000 0.00000 1.00000 1.00000 0.00000 0.90099 0.00000 0.00000 0.09901 0.00000 0.00000 0.00000 0.00000 0.00000 0.00000 0.89109 0.00000 0.00000 0.00000 0.00000 0.00990 0.14851 0.02970
0.00000 0.45545 0.00000 0.46535 0.44554 0.00000 0.46535 0.54455 0.23762 0.53465 0.81188 0.22772 0.20792 0.34653 0.77228 0.71287 0.29703 0.00990 0.05941 0.03960 0.10891 0.00000 0.01980 0.30693 0.95050
0.00000 1.00000 0.00000 0.82178 0.00000 1.00000 1.00000 1.00000 0.00000 0.00000 0.96040 0.80198 0.00000 0.00000 0.19802 0.04950 0.00000 0.00990 0.00000 0.00000 0.15842 0.07921 0.01980 0.01980 0.09901
0.00000 1.00000 1.00000 0.00000 1.00000 0.00000 0.00000 0.00000 0.00000 1.00000 1.00000 0.00000 0.86139 0.00000 0.00990 0.03960 0.00000 0.06931 0.00990 0.00000 0.00990 0.07921 0.89109 0.02970 0.02970
1.00000 0.39604 0.60396 0.00990 0.00000 0.60396 0.99010 0.00000 0.00000 0.58416 0.15842 0.51485 0.00990 0.00000 0.00990 0.00000 0.00000 0.30693 0.00000 0.28713 0.28713 0.29703 0.09901 0.40594 0.01980
0.96040 0.00000 0.03960 1.00000 0.00000 0.97030 1.00000 0.00000 0.00000 0.00000 0.00000 0.02970 0.00000 0.00000 0.00000 0.00000 0.02970 0.00000 0.30693 0.22772 0.16832 0.00000 0.08911 0.26733 0.00990
1.00000 0.97030 0.95050 0.00990 0.01980 0.00000 0.01980 0.00000 0.98020 0.00000 0.01980 0.00000 0.00990 0.88119 0.00000 0.00000 0.00000 0.03960 0.03960 0.06931 0.00990 0.00000 0.03960 0.04950 0.11881
1.00000 0.90099 0.94059 0.90099 0.00000 0.09901 0.90099 0.00000 0.08911 0.00000 0.07921 0.01980 0.00000 0.00000 0.00990 0.00000 0.00000 0.05941 0.00000 0.05941 0.09901 0.00000 0.01980 0.09901 0.01980
0.97030 0.00000 0.02970 0.55446 0.00000 0.00000 0.00000 0.00000 1.00000 0.00000 0.42574 0.00990 0.00990 0.00000 0.49505 0.00000 0.02970 0.00000 0.00990 0.00000 0.47525 0.01980 0.02970 0.44554 0.45545
0.99010 0.00000 0.00990 0.00000 0.00000 0.00000 0.00000 0.00000 0.00000 0.00000 0.00000 0.00000 0.00000 0.00000 0.00000 0.00000 0.49505 0.00000 0.28713 0.25743 0.26733 0.00000 0.03960 0.67327 0.49505
0.00000 0.00000 0.00000 0.00000 0.99010 0.00000 0.00000 0.00000 0.00990 0.00000 0.04950 0.00990 0.81188 0.84158 0.08911 0.04950 0.00000 0.00990 0.04950 0.00990 0.02970 0.04950 0.00990 0.09901 0.12871
0.82178 0.00000 0.17822 0.00000 0.87129 0.00000 0.00000 0.00000 1.00000 0.00000 0.00000 0.00000 0.00000 0.00000 0.06931 0.00000 0.13861 0.01980 0.00000 0.00000 0.05941 0.00000 0.15842 0.00990 0.01980
0.00000 0.99010 0.00000 0.00000 0.00000 1.00000 0.00000 1.00000 0.00000 0.00000 0.00000 0.00000 0.00000 0.00990 0.00000 0.00000 0.00000 0.00990 0.00000 0.00000 0.00000 0.00000 0.02970 0.01980 0.01980
1.00000 0.00000 1.00000 0.00000 0.00000 0.00000 0.00000 0.00000 0.00000 0.00000 0.00000 0.00000 0.00000 0.00000 0.00000 0.00000 0.00000 0.00000 0.27723 0.23762 0.24752 0.00000 0.00990 0.23762 0.03960
0.97030 0.00000 0.02970 0.01980 0.00000 0.00990 0.00000 0.73267 0.00990 0.00000 0.00000 0.00000 0.00000 0.00000 0.00000 0.00000 0.21782 0.00000 0.57426 0.00000 0.00000 0.23762 0.30693 0.19802 0.53465
0.00000 0.00000 0.00000 0.00000 1.00000 0.00000 0.00000 0.00000 0.00000 1.00000 0.00000 0.00000 0.00000 0.00000 0.00000 0.00000 0.00000 0.00000 0.00000 0.00000 0.00000 0.00000 0.00990 0.01980 0.02970
0.00000 0.00000 0.00000 0.11881 0.00000 0.00000 0.88119 0.00000 0.92079 0.00000 0.00000 0.00000 0.00000 0.05941 0.00000 0.00000 0.00000 0.00000 0.00000 0.00000 0.00000 0.00000 0.00990 0.02970 0.03960
1.00000 0.00000 0.98020 0.00000 0.00000 0.00000 0.00000 0.00000 0.00000 0.00000 0.00000 0.00000 0.00000 0.00000 0.00000 0.00000 0.00000 0.01980 0.00000 0.01980 0.00000 0.00000 0.01980 0.01980 0.03960
0.00000 0.97030 0.00000 0.00000 0.00000 0.00000 0.00000 0.00000 0.00000 1.00000 0.00990 0.00990 0.00000 0.00990 0.00000 0.00000 0.00000 0.00990 0.00000 0.00000 0.00000 0.00000 0.04950 0.00990 0.00990
0.96040 0.00000 0.03960 0.00000 0.00000 0.00000 0.00000 0.00000 0.00000 0.00000 0.00000 0.00000 0.00000 0.00000 0.00000 0.00000 0.03960 0.00000 0.00000 0.00000 0.00000 0.00000 0.02970 0.02970 0.00990
0.00000 0.00000 0.00000 0.00000 0.00000 1.00000 0.00000 0.00000 0.00000 0.00000 0.00000 0.00000 0.00000 0.00000 0.00000 0.00000 0.00000 0.00000 0.00000 0.00000 0.00000 0.00000 0.01980 0.03960 0.00990
