# File created on Thu Mar 26 06:58:54 2020
0 0 0 0 0 0 0 0 0 0 0 1 0 0 0 1 0 1 1 1 0 1 1 0 1 
0 0 0 0 0 0 0 0 0 0 1 1 0 1 0 1 0 1 1 1 1 1 1 0 1 
0 0 1 0 0 0 0 0 0 1 0 0 0 1 0 0 1 1 1 1 1 1 1 1 1 
0 0 0 0 0 0 0 0 0 0 0 1 0 0 1 0 1 1 1 1 0 1 1 1 1 
0 0 0 0 0 0 0 0 0 1 0 0 0 0 0 1 1 1 1 1 1 1 1 1 1 
0 0 0 0 0 0 1 0 0 0 1 1 0 0 1 0 1 1 1 1 1 1 1 1 1 
0 0 0 1 0 0 0 0 0 1 0 1 0 0 1 1 1 0 1 1 1 1 1 1 1 
0 0 0 0 0 0 0 0 0 1 0 0 0 1 0 1 0 0 1 1 1 1 0 1 1 
0 0 1 0 0 0 0 0 0 0 0 0 1 0 0 1 1 1 1 1 1 1 0 1 1 
0 0 0 0 0 0 0 0 0 1 0 0 0 0 1 1 1 1 1 0 1 0 1 1 1 
0 0 0 0 0 0 0 0 0 1 1 1 1 1 0 1 1 1 0 1 1 1 1 1 1 
1 0 0 0 0 0 0 0 0 1 0 1 0 1 0 0 1 1 1 1 1 1 1 0 0 
0 0 0 0 0 0 0 0 1 0 1 1 0 1 0 0 0 1 0 1 0 1 1 1 1 
0 0 0 0 0 0 0 0 1 0 1 0 1 1 1 1 0 1 1 1 0 1 1 1 1 
0 0 0 0 0 0 0 0 0 1 0 0 0 0 1 0 1 1 1 1 1 1 1 1 1 
0 0 0 0 0 0 0 0 0 1 0 0 0 0 1 1 1 0 0 1 0 1 1 1 1 
0 0 0 0 0 0 0 0 0 1 0 1 1 1 0 1 1 1 0 1 1 1 1 1 1 
0 0 0 0 0 1 0 1 0 0 1 1 1 0 1 0 0 1 1 1 0 1 0 1 1 
0 0 0 0 0 0 0 0 0 0 1 1 1 1 0 1 0 1 1 0 0 1 1 0 1 
0 0 0 0 0 0 0 0 0 0 0 1 1 0 1 0 1 1 1 0 1 1 0 1 1 
0 0 0 0 1 0 0 0 0 1 0 1 0 0 0 0 1 1 0 1 1 1 1 0 1 
0 0 0 0 0 0 0 1 0 0 1 0 0 0 0 0 1 0 0 1 1 1 0 1 1 
0 0 0 0 0 0 0 0 0 1 0 1 1 1 1 0 1 0 1 1 1 1 1 1 1 
0 0 0 0 0 0 0 0 1 0 1 1 0 0 1 1 0 0 1 1 1 1 1 0 1 
0 0 0 0 0 0 0 0 1 0 0 0 0 0 0 0 1 1 1 1 1 1 1 1 1 
0 0 0 0 0 1 0 0 0 0 1 1 0 1 1 1 0 0 1 1 1 1 1 1 1 
0 0 0 0 0 0 0 0 0 0 0 0 1 1 0 0 1 0 1 1 1 0 1 1 1 
0 0 0 0 0 0 0 0 0 1 1 1 0 0 1 0 0 1 1 1 1 1 1 1 1 
0 0 0 0 0 0 0 0 0 0 0 1 1 1 0 1 1 1 1 1 1 1 1 1 1 
0 0 0 0 0 0 0 1 0 1 0 0 0 1 0 0 0 0 0 1 1 1 1 0 1 
0 0 1 0 0 0 0 0 0 1 1 0 1 1 1 1 1 1 1 1 1 1 1 1 1 
0 1 0 0 0 0 0 0 0 0 0 0 0 1 0 0 0 1 0 1 1 1 1 1 0 
0 0 0 0 0 0 0 0 0 1 1 0 1 0 1 1 1 1 1 1 1 1 1 1 1 
0 0 0 0 0 0 0 0 0 1 0 1 0 1 0 1 1 1 1 1 0 1 1 1 1 
0 0 0 0 0 0 0 0 1 0 0 0 0 0 1 0 1 1 1 1 1 0 1 1 1 
0 0 0 0 0 0 0 0 0 0 1 1 0 1 0 0 0 0 0 1 0 1 1 1 1 
0 0 0 0 0 0 0 1 0 1 1 1 0 0 1 0 1 1 1 1 1 1 1 1 1 
0 0 0 0 0 0 0 1 1 1 0 1 0 0 1 0 1 1 1 1 1 0 0 1 1 
0 0 0 0 0 0 0 0 0 0 0 0 0 0 0 0 1 1 1 1 1 1 1 0 0 
0 0 0 0 0 0 0 0 1 1 1 0 0 0 0 1 1 1 1 0 1 1 1 1 0 
0 0 0 0 0 0 0 0 0 1 1 1 0 0 0 0 1 1 1 1 1 1 1 0 1 
0 0 0 0 0 0 0 0 0 1 0 1 0 1 0 0 1 1 1 1 0 1 1 1 1 
0 0 0 0 0 0 0 0 0 0 0 0 1 0 0 1 1 0 1 0 1 1 1 1 1 
0 0 0 0 0 0 0 0 0 1 0 1 0 1 1 1 1 1 0 1 0 1 1 0 1 
0 0 0 0 0 0 1 0 1 1 0 0 1 0 0 1 1 1 0 1 1 1 1 1 1 
0 0 0 0 0 0 1 1 0 0 1 0 0 0 1 1 1 1 1 1 1 1 0 1 0 
0 0 0 0 0 1 0 0 0 0 0 0 0 1 0 0 1 1 0 1 0 1 1 1 1 
0 0 0 0 0 0 0 0 0 0 0 0 1 0 0 0 0 0 1 1 1 0 1 1 1 
0 0 0 0 0 0 0 0 0 1 1 1 1 0 0 0 1 1 0 1 1 1 1 1 1 
0 0 0 0 0 0 0 0 1 0 0 0 0 1 1 0 1 1 1 1 0 0 1 1 1 