# File created on Thu Mar 26 08:56:09 2020
1 0 0 0 1 0 0 1 0 0 0 1 0 1 0 1 0 1 0 1 0 1 1 1 1 
0 0 1 0 0 0 0 0 0 1 0 1 0 0 1 1 0 1 0 1 1 1 1 1 1 
0 0 0 0 0 0 0 0 0 0 0 1 1 0 0 1 1 0 1 0 0 0 1 1 1 
0 0 0 0 0 0 0 0 1 0 1 0 1 0 0 1 0 1 0 1 1 1 1 1 1 
0 0 0 0 0 0 0 0 0 1 0 1 0 0 0 0 1 1 0 0 1 0 1 1 1 
0 1 0 0 0 0 0 0 1 0 0 0 0 1 1 1 1 1 1 1 1 1 1 1 1 
0 0 0 0 0 1 0 0 0 1 1 1 0 0 1 0 0 1 0 1 1 1 1 1 1 
0 0 0 0 0 0 0 0 0 1 0 1 0 0 0 1 1 1 1 1 1 1 1 1 1 
0 0 0 0 0 0 0 0 0 0 0 1 0 0 1 1 1 1 1 1 1 1 1 1 1 
0 0 0 0 0 0 0 0 0 0 0 0 0 1 1 1 1 0 0 0 0 1 1 1 1 
0 0 0 0 0 0 0 0 0 0 0 1 0 0 0 1 1 1 1 1 1 1 1 1 1 
0 0 0 0 0 0 0 0 0 0 0 0 0 0 1 0 1 1 0 1 1 1 1 1 1 
0 0 0 0 0 0 0 0 0 0 0 0 1 0 1 1 0 0 1 1 1 1 0 1 1 
0 0 0 0 0 0 0 0 0 0 0 0 0 0 1 0 0 1 1 1 1 1 1 1 1 
0 0 0 0 0 0 0 0 0 0 0 0 1 1 0 0 0 0 1 0 1 1 1 1 1 
0 0 0 0 1 0 0 0 1 0 0 0 1 0 0 0 0 1 1 1 1 1 1 1 1 
0 0 0 0 0 0 0 1 0 1 0 1 0 0 0 1 1 1 1 1 1 1 1 1 1 
0 0 0 0 0 0 0 0 0 0 0 0 0 0 1 1 1 0 1 0 0 1 1 1 1 
0 0 0 0 0 0 0 0 0 0 0 0 0 1 1 0 0 1 1 1 1 1 1 1 1 
0 0 0 0 0 0 0 1 0 0 0 0 0 0 1 0 0 1 0 1 0 1 1 1 1 
0 0 0 0 0 0 0 0 0 0 0 0 0 1 0 1 1 0 1 1 0 1 1 1 1 
0 0 0 0 0 0 0 0 1 0 0 1 0 0 1 1 0 0 1 1 1 1 1 1 1 
0 0 0 0 0 0 0 0 0 0 1 0 0 1 1 0 1 1 1 1 0 1 1 1 1 
0 0 0 0 0 0 0 0 0 0 0 0 0 1 1 0 0 1 1 1 1 1 1 1 1 
0 0 0 0 0 0 0 0 0 1 0 1 1 0 0 1 0 1 1 0 1 0 1 1 1 
0 0 0 0 0 0 0 0 0 1 0 0 1 0 0 1 1 1 1 1 1 1 1 1 1 
0 0 0 0 0 0 0 0 0 0 0 1 0 1 1 0 0 1 0 0 1 1 1 1 1 
0 0 0 0 0 0 0 0 0 0 0 1 0 0 0 0 1 1 0 1 0 1 1 1 1 
0 0 0 0 0 0 0 0 0 0 0 1 1 0 0 0 0 1 1 0 0 0 1 1 1 
0 0 0 0 0 0 0 0 0 0 0 1 0 0 1 0 0 1 1 1 1 1 1 1 1 
0 0 0 1 0 0 0 0 0 0 0 0 0 1 0 0 1 1 1 1 1 1 1 1 1 
0 0 0 0 0 0 0 1 0 0 0 0 1 1 0 0 1 0 0 1 1 1 1 1 1 
0 0 0 0 0 0 0 0 0 1 1 0 1 1 0 0 0 1 1 1 1 1 1 1 1 
0 0 0 0 0 0 0 0 0 0 0 0 0 0 1 0 1 1 1 1 0 1 1 1 1 
0 0 0 0 0 0 0 0 0 0 0 0 0 0 0 0 1 1 1 1 1 0 1 1 1 
0 0 0 0 0 0 0 0 1 0 0 1 1 1 0 1 1 0 1 1 0 1 1 1 1 
0 0 0 0 0 0 0 0 0 0 0 1 0 1 1 1 1 1 1 0 1 1 1 1 1 
0 0 0 0 0 0 0 1 1 0 0 0 0 0 0 1 1 1 1 1 1 1 1 1 1 
0 0 0 0 0 0 0 0 1 0 0 0 0 0 0 0 0 1 0 1 1 1 1 1 1 
0 0 0 0 0 0 0 0 0 0 1 0 0 1 0 1 0 1 1 1 1 1 1 1 1 
0 0 0 0 0 1 0 0 0 0 0 0 0 0 0 0 1 1 1 0 0 0 1 1 1 
0 0 0 0 0 0 1 0 0 0 0 0 0 1 1 1 1 1 1 0 1 1 1 1 1 
0 0 0 0 0 0 0 0 1 0 0 1 1 0 0 0 0 0 1 1 1 1 1 1 1 
0 0 0 0 0 0 0 0 0 1 0 0 0 0 0 0 0 1 0 1 0 1 1 1 1 
0 0 0 0 0 0 0 1 1 0 0 0 0 0 0 1 1 0 1 1 1 1 1 1 1 
0 0 0 0 0 0 0 0 0 0 0 0 1 1 0 0 1 0 1 1 0 1 1 1 1 
0 0 0 0 0 0 0 1 0 0 0 1 1 0 0 0 0 1 0 0 1 1 1 1 1 
0 0 0 0 0 0 0 0 0 0 0 0 0 0 0 0 0 1 1 1 0 1 1 1 1 
0 0 0 0 0 1 0 0 0 0 0 0 1 0 0 0 0 1 1 1 0 1 1 1 1 
0 0 0 0 0 0 0 0 0 0 0 1 1 0 0 0 1 0 1 1 1 1 1 1 1 