# File created on Thu Mar  5 00:47:06 2020
0 1 1 0 0 1 1 1 0 1 0 0 1 0 1 1 1 0 1 0 1 0 0 1 1 
1 1 0 1 0 0 1 1 1 0 1 1 0 0 1 1 1 1 1 1 0 0 1 1 0 
1 0 0 1 0 1 0 0 1 0 0 1 1 0 0 1 1 1 0 0 1 1 1 1 0 
1 0 1 1 0 0 1 0 0 1 1 1 0 1 0 0 0 1 1 0 0 1 0 1 1 
1 1 1 1 0 0 0 1 1 1 0 0 0 1 0 0 0 0 0 0 0 1 0 0 1 
1 1 1 0 1 0 1 1 0 1 0 0 0 0 0 0 0 1 1 1 0 1 1 1 1 
1 1 0 0 1 0 0 1 1 1 1 0 1 0 1 0 0 1 0 1 0 0 0 1 1 
0 1 0 0 0 1 1 0 0 0 1 1 1 1 0 0 1 1 0 1 1 1 1 1 1 
0 0 0 0 1 1 1 1 0 0 0 0 0 1 0 1 0 1 1 1 1 1 0 0 1 
1 0 0 0 1 1 1 0 0 1 0 0 0 0 1 0 0 0 0 1 1 0 1 1 1 
0 0 1 0 0 1 0 1 0 0 1 1 0 0 1 0 0 0 1 1 1 0 1 0 1 
0 0 0 0 0 0 1 1 1 1 1 0 0 1 1 1 1 0 0 0 0 0 1 0 1 
0 0 1 0 0 0 1 0 1 0 1 0 1 0 0 0 0 0 0 1 1 1 1 1 1 
0 0 0 1 1 1 0 1 0 1 0 1 1 0 1 0 0 0 0 0 1 0 0 0 1 
0 0 0 0 1 0 0 1 1 1 1 0 1 1 0 0 1 0 1 1 0 1 0 0 0 
1 0 0 1 0 1 0 0 0 0 1 1 0 0 0 0 0 0 1 0 1 0 0 1 1 
0 1 0 0 1 0 0 1 1 0 0 0 0 0 0 0 1 1 0 1 0 0 1 1 0 
0 0 1 0 0 0 0 1 0 1 1 0 0 0 0 1 1 0 1 0 1 0 1 1 1 
0 1 0 0 0 0 0 0 1 0 0 0 0 0 1 1 0 1 1 1 1 0 0 1 1 
0 0 0 1 0 0 1 0 0 1 1 1 0 0 0 0 0 0 1 0 0 0 1 0 0 
0 0 0 1 0 1 0 0 0 0 0 0 0 1 0 0 0 1 1 1 0 0 1 0 0 
0 0 1 0 0 0 0 0 1 0 0 0 1 1 0 1 0 0 1 0 1 1 1 0 1 
0 0 0 0 0 1 0 0 0 1 0 0 1 0 0 0 0 0 0 1 0 0 0 0 1 
0 0 0 0 0 1 0 0 0 0 0 0 0 0 1 0 0 0 0 1 1 0 0 0 1 
1 0 0 0 0 0 0 0 0 0 0 0 0 0 0 0 0 0 0 0 1 1 1 0 0 