# File created on Thu Mar  5 00:58:57 2020
1 0 0 1 1 1 0 0 0 0 0 0 1 1 0 1 1 1 0 0 1 1 1 1 0 
1 1 1 1 0 0 1 0 0 0 0 1 0 0 0 0 1 1 1 1 0 1 1 1 0 
1 1 0 0 1 0 1 0 0 1 0 0 1 1 1 0 1 0 0 1 1 0 0 0 1 
1 0 1 1 0 0 0 0 1 0 0 1 1 1 0 1 0 0 0 1 0 0 0 0 1 
0 1 0 0 1 0 0 0 1 1 1 1 0 1 1 1 0 1 0 0 1 1 1 1 1 
0 1 1 1 0 1 0 0 1 1 0 1 1 0 1 1 0 0 0 0 0 0 1 1 0 
0 0 1 0 1 0 1 1 1 0 1 0 0 0 1 0 1 1 0 1 0 0 1 0 0 
0 0 0 1 0 0 1 0 1 1 1 1 1 0 1 1 0 1 0 1 0 0 1 1 1 
0 0 1 0 1 0 1 1 1 0 0 0 0 0 1 0 0 1 0 0 0 1 1 0 1 
1 1 0 1 0 0 1 0 1 1 0 0 0 0 0 1 1 0 0 0 1 1 0 0 1 
1 0 1 0 1 1 0 0 1 0 0 0 0 0 1 0 0 0 1 0 0 1 0 1 0 
1 0 1 0 0 0 1 0 1 0 0 1 1 0 0 0 1 0 1 0 0 0 1 1 1 
0 0 0 0 1 1 1 1 0 0 0 1 0 0 1 1 0 0 1 0 0 1 0 0 1 
0 1 0 1 1 1 0 0 0 1 0 1 1 0 0 0 0 1 0 0 0 1 0 0 1 
0 0 0 1 0 0 0 0 1 0 1 1 1 0 1 0 1 1 0 1 0 1 0 1 1 
1 0 0 0 0 1 1 1 0 0 0 1 0 1 0 0 1 0 0 0 0 1 0 1 0 
1 0 0 0 0 0 0 1 1 1 0 1 1 0 0 1 0 0 0 0 0 1 1 1 0 
1 1 0 0 0 1 0 0 1 0 0 1 0 0 0 1 0 0 0 0 1 0 1 0 1 
0 1 0 0 1 1 0 0 1 0 0 0 1 0 1 1 0 0 1 0 0 0 0 1 0 
0 0 1 0 0 1 1 1 0 1 0 1 0 0 0 1 0 0 0 0 0 0 0 0 0 
0 0 1 0 0 0 1 1 0 0 0 0 0 0 1 0 1 1 1 0 0 0 0 1 0 
0 1 1 0 0 0 0 1 0 1 1 0 0 1 0 0 0 0 1 0 1 0 0 0 0 
0 0 0 0 0 0 1 1 0 0 0 0 0 0 0 1 0 1 0 0 0 0 1 1 1 
0 0 0 0 1 0 0 0 1 0 0 0 0 0 0 0 0 0 1 0 0 1 0 1 0 
0 1 0 0 0 0 0 0 0 0 0 0 0 0 1 0 0 0 0 0 1 0 0 0 1 