# File created on Thu Mar  5 00:43:09 2020
0 1 1 1 1 0 1 1 0 0 1 0 0 1 1 0 1 0 0 0 0 0 1 1 0 
0 1 0 1 1 1 0 1 0 1 1 0 0 0 1 1 0 0 0 1 0 1 1 0 0 
0 0 1 0 0 1 0 1 1 1 1 1 0 1 0 0 0 0 1 1 0 0 0 1 1 
0 1 0 1 0 1 0 1 1 1 0 0 1 1 0 1 0 1 0 1 1 1 0 1 1 
1 1 1 1 0 0 0 0 1 1 1 1 0 0 0 0 1 0 1 1 0 1 1 0 1 
1 0 0 0 1 1 1 0 1 1 0 0 0 1 0 1 0 0 1 1 1 0 1 0 0 
0 1 1 0 0 1 0 0 0 1 1 1 0 1 0 1 1 1 0 1 0 0 0 1 0 
1 1 0 0 1 0 0 0 1 1 0 1 0 0 0 0 0 1 0 0 1 1 0 1 0 
1 0 1 0 0 0 0 1 0 1 0 0 1 0 0 1 1 1 1 1 1 0 1 0 1 
0 0 0 0 1 1 0 1 1 1 0 0 0 1 1 0 1 0 0 1 1 0 0 0 1 
1 1 1 0 0 1 0 0 0 1 0 0 0 0 0 0 1 1 1 1 0 0 0 1 0 
0 0 0 0 1 0 1 1 0 0 1 1 0 0 0 1 1 0 1 0 1 1 0 0 1 
0 0 0 0 1 0 0 1 0 1 1 0 0 1 1 0 0 1 1 0 0 0 1 1 1 
1 1 0 0 1 0 1 0 0 0 1 0 0 0 0 0 1 0 1 0 0 1 0 1 1 
0 0 0 1 1 0 0 0 0 1 0 1 0 0 1 1 0 1 0 0 1 1 1 0 0 
0 0 0 0 0 1 0 1 1 0 0 1 0 0 0 0 1 1 0 1 0 0 0 0 1 
0 1 0 1 1 0 0 0 0 0 0 0 0 1 0 1 1 0 0 0 0 0 1 1 0 
0 0 0 1 0 1 0 1 0 0 0 0 0 1 0 0 0 0 0 1 0 0 1 1 0 
1 0 0 0 0 0 0 0 0 1 1 0 0 0 0 1 1 1 0 0 0 1 1 0 0 
0 0 1 0 0 1 0 1 0 0 0 0 1 1 0 1 0 0 0 0 0 0 0 1 0 
0 0 1 0 1 0 1 0 1 0 0 0 1 0 0 0 0 0 0 0 0 0 0 0 0 
0 0 1 0 0 0 0 0 1 0 0 0 0 0 0 0 1 0 0 1 0 1 0 0 0 
0 0 0 0 1 0 1 0 1 0 0 0 1 0 0 0 0 1 1 1 0 0 0 1 0 
0 0 0 1 0 0 0 0 0 0 0 0 0 0 1 1 0 0 0 1 0 0 1 1 0 
0 0 0 1 0 0 0 1 0 0 0 0 0 0 0 1 0 0 0 0 0 0 1 0 1 