# File created on Thu Mar  5 00:26:22 2020
0 0 0 0 1 1 1 0 0 0 0 0 1 1 1 0 1 0 1 1 1 0 1 0 1 
0 0 0 0 1 1 0 1 1 0 0 1 1 1 0 0 0 0 0 1 0 1 0 0 0 
1 1 1 0 0 0 0 0 0 0 0 0 0 1 0 0 1 1 0 0 0 0 1 0 0 
1 1 0 1 0 0 0 0 0 1 1 0 0 0 0 0 0 0 1 0 0 0 0 1 0 
1 0 0 0 1 0 0 1 0 0 0 0 0 1 1 0 1 0 0 1 1 1 0 1 1 
0 0 1 0 0 1 1 1 0 0 1 1 1 0 0 0 0 0 0 0 1 1 1 0 0 
0 0 1 0 0 0 0 0 1 1 0 0 0 1 1 0 0 1 0 1 0 0 0 1 1 
0 1 0 1 1 0 0 0 0 0 1 1 0 1 0 1 1 0 0 1 0 1 1 0 1 
0 1 0 1 0 0 0 0 0 0 1 1 1 1 0 0 0 1 0 0 0 0 0 1 1 
0 0 0 1 1 1 0 0 1 0 0 0 0 0 1 0 0 0 1 1 0 0 0 1 1 
0 0 1 0 1 0 0 0 0 1 0 0 0 0 0 1 0 0 0 1 0 1 0 0 0 
0 0 1 1 0 0 1 0 0 0 1 0 0 0 1 0 0 0 0 1 0 1 0 0 1 
0 0 1 0 0 1 0 0 0 0 0 1 0 0 0 0 0 1 0 1 1 0 0 1 0 
0 0 1 0 0 0 0 0 0 0 0 1 1 0 0 0 0 0 1 0 0 0 1 0 0 
0 1 1 0 0 0 0 1 0 0 0 1 0 0 0 0 0 0 1 0 0 0 0 0 0 
0 0 0 0 1 0 0 0 0 0 0 1 1 0 0 0 1 0 0 0 0 0 1 1 1 
1 1 1 0 0 0 0 0 0 0 0 0 0 0 0 0 0 0 1 0 0 0 0 0 0 
0 0 0 0 0 0 1 0 1 0 0 0 0 0 1 0 0 0 0 0 0 1 0 0 1 
0 0 0 1 0 0 0 0 1 1 0 0 0 0 0 0 0 1 0 0 0 0 1 0 0 
0 1 0 0 0 0 0 0 0 0 0 0 0 1 0 0 0 1 1 0 1 0 1 0 0 
0 0 0 1 0 1 1 0 0 0 0 0 0 0 0 0 0 0 0 0 0 1 1 1 0 
0 0 0 0 0 1 0 0 0 0 0 0 0 0 0 0 0 0 0 1 1 1 1 0 1 
0 1 0 0 0 0 0 0 0 0 0 0 0 1 0 1 0 0 1 1 1 0 1 0 0 
0 1 0 0 0 0 0 1 0 0 0 0 0 0 0 1 0 0 0 0 0 0 0 0 1 
0 0 0 0 0 0 0 0 1 0 0 0 0 0 0 0 0 0 0 0 0 0 0 0 1 