# File created on Wed Mar  4 23:57:57 2020
1 1 0 0 0 0 0 0 1 1 1 0 0 0 1 1 0 0 0 1 0 0 1 1 1 
0 0 1 0 1 0 0 0 1 0 0 0 1 1 1 1 0 1 1 0 1 1 0 0 0 
0 0 0 1 1 1 0 0 0 1 0 1 1 0 0 1 0 0 0 1 1 1 1 0 0 
1 0 0 0 1 1 0 0 0 1 1 0 0 0 0 1 0 0 1 1 0 1 0 1 0 
0 1 1 1 0 0 0 0 1 0 0 0 0 0 0 0 1 1 1 0 1 1 1 0 0 
0 1 0 0 0 0 1 0 1 1 0 1 1 1 0 0 0 1 0 1 0 1 0 1 1 
0 0 0 1 1 1 0 1 0 0 0 0 0 0 0 1 1 0 0 0 1 1 1 1 0 
0 1 0 0 1 0 0 1 1 1 0 0 0 1 0 0 1 0 1 0 0 1 0 1 1 
0 0 0 0 0 0 0 0 0 0 1 0 0 1 1 0 0 1 0 1 1 1 1 1 1 
0 0 0 0 0 1 0 0 0 0 1 0 1 0 1 1 0 0 0 0 1 1 0 1 0 
0 0 0 0 0 0 0 0 1 1 0 1 0 0 0 1 1 1 0 0 1 0 1 1 0 
1 0 1 0 0 0 1 1 1 0 0 1 1 1 0 0 1 0 0 0 0 0 0 0 0 
1 1 0 0 1 0 0 0 0 0 0 0 0 0 0 1 0 1 0 0 1 1 0 1 1 
1 0 0 0 1 0 0 1 0 0 0 0 0 0 1 0 0 1 0 1 0 0 1 0 1 
0 0 0 0 0 0 1 0 0 0 1 0 0 1 1 0 0 0 0 1 1 0 1 1 0 
0 0 0 0 0 1 0 1 1 0 0 0 1 0 0 0 1 0 0 1 0 1 0 0 0 
0 1 0 0 0 0 0 0 0 1 1 0 0 0 0 0 0 0 1 1 1 0 1 1 1 
0 0 0 0 1 0 0 1 0 0 1 0 0 0 0 1 1 0 0 1 0 0 0 1 1 
0 1 0 0 0 0 1 0 0 0 1 0 0 0 1 0 0 1 0 0 1 0 0 1 0 
0 0 0 0 1 0 0 0 0 0 0 1 0 1 0 0 1 0 1 0 0 0 1 0 0 
0 0 0 0 0 0 0 0 0 0 1 0 0 0 1 0 1 1 1 0 1 1 0 1 1 
0 0 0 1 1 0 0 1 0 0 0 0 0 0 1 0 0 0 0 1 0 0 0 1 1 
0 0 0 0 1 0 0 0 0 0 0 0 0 0 1 0 1 0 1 0 0 1 1 1 0 
0 0 0 0 0 1 0 0 0 0 1 0 0 0 0 0 1 0 0 0 0 1 0 0 1 
0 0 0 0 0 0 0 0 0 0 0 0 0 0 1 0 0 0 0 0 0 1 0 1 1 