# File created on Thu Mar  5 00:39:12 2020
0 1 1 1 0 0 0 0 0 1 1 0 0 0 0 0 1 1 1 0 0 1 1 1 0 
0 0 1 0 1 1 0 0 1 0 0 1 0 0 1 1 1 0 0 1 1 1 0 1 1 
1 0 0 1 1 0 0 0 0 1 0 1 0 0 1 0 0 1 1 1 1 0 1 1 1 
0 1 0 1 1 0 1 1 1 0 0 0 1 0 1 0 0 1 0 1 0 1 0 1 1 
0 0 0 0 0 1 1 1 1 1 1 0 0 1 1 1 0 1 0 1 0 1 1 0 0 
0 0 1 0 1 0 0 0 0 0 0 1 0 1 1 1 1 1 1 0 1 0 1 1 0 
0 0 0 0 1 0 1 1 1 1 0 1 1 1 0 0 0 0 1 0 1 1 1 1 1 
1 1 0 0 0 0 0 0 1 0 1 1 0 0 0 0 1 0 0 0 1 1 0 1 0 
0 1 0 0 1 1 0 0 0 1 0 1 1 0 0 1 0 1 0 0 1 0 0 1 0 
1 0 0 0 0 1 1 0 0 1 1 0 0 0 1 0 0 0 1 0 0 0 1 1 1 
1 0 0 0 1 0 0 0 1 0 1 1 0 1 1 0 0 0 0 0 0 1 0 1 0 
0 0 0 0 1 1 0 0 0 1 0 0 1 1 1 0 1 0 1 0 1 1 1 1 0 
0 0 0 0 1 0 1 0 1 1 1 0 1 0 0 0 0 0 0 0 0 1 0 0 0 
0 0 1 0 0 0 0 1 0 0 1 0 1 1 0 0 0 1 1 1 1 0 0 1 0 
0 1 0 1 0 1 0 0 1 0 1 0 0 0 0 0 0 0 0 1 0 1 0 0 0 
1 0 0 0 0 0 0 0 0 0 0 1 1 0 0 0 1 0 1 0 0 1 0 0 0 
1 1 0 0 0 0 0 0 0 0 0 0 0 0 0 1 0 0 1 1 1 0 0 1 0 
0 1 0 0 0 0 0 0 1 0 0 0 0 0 1 0 0 0 1 0 0 0 1 0 1 
0 0 0 0 0 0 0 0 0 1 1 1 0 0 0 0 0 0 0 0 1 1 0 1 1 
0 0 0 0 0 0 0 0 0 0 0 1 0 1 1 0 1 0 0 0 0 0 0 0 1 
0 0 0 0 0 0 0 0 0 1 1 0 1 0 0 0 0 0 0 0 1 0 0 1 0 
0 1 0 0 0 0 0 1 0 0 0 0 0 0 0 0 1 1 1 0 0 0 0 0 0 
0 0 0 0 0 0 0 0 0 0 1 0 0 0 0 0 0 0 0 0 1 0 0 0 0 
0 0 0 0 0 0 0 1 1 0 0 0 0 0 0 0 1 0 1 0 0 0 0 0 0 
0 0 0 0 0 0 1 0 0 0 1 0 0 0 0 0 0 0 0 0 0 0 0 0 0 
