1.00000 0.89109 1.00000 0.99010 1.00000 1.00000 0.99010 0.85149 0.69307 0.47525 0.35644 0.00000 0.66337 0.34653 0.23762 0.63366 0.51485 0.10891 0.64356 0.02970 0.43564 0.00000 0.00990 0.65347 0.00000
0.99010 0.98020 1.00000 1.00000 0.80198 1.00000 1.00000 0.90099 1.00000 0.00990 0.19802 0.48515 0.01980 0.00000 0.10891 0.33663 0.13861 0.43564 0.53465 0.00000 0.22772 0.00000 0.12871 0.00990 0.03960
1.00000 0.43564 0.99010 0.00990 0.88119 0.34653 0.97030 0.67327 0.54455 0.82178 0.23762 0.00000 0.74257 0.15842 0.62376 0.41584 0.13861 0.54455 0.39604 0.19802 0.00000 0.00000 0.09901 0.01980 0.79208
1.00000 0.99010 1.00000 0.02970 0.83168 0.97030 0.04950 0.99010 0.11881 0.00000 0.11881 0.00000 0.39604 0.19802 0.65347 0.37624 0.16832 0.00990 0.00990 0.00990 0.62376 0.00000 0.49505 0.89109 0.53465
1.00000 0.30693 0.81188 0.66337 0.14851 0.99010 0.47525 0.02970 0.17822 0.53465 0.02970 0.17822 0.00990 0.17822 0.68317 0.35644 0.03960 0.69307 0.00000 0.16832 0.50495 0.00000 0.20792 0.34653 0.61386
0.00000 0.43564 0.00000 1.00000 0.05941 1.00000 1.00000 0.09901 0.91089 0.02970 0.67327 0.00000 0.00990 0.00000 0.46535 0.00000 0.00000 0.56436 0.53465 0.92079 0.45545 0.00000 0.06931 0.26733 0.78218
0.99010 0.67327 0.35644 0.70297 0.61386 0.00000 0.00000 0.00990 0.27723 0.00000 0.21782 0.00000 0.17822 0.02970 0.79208 0.12871 0.02970 0.24752 0.27723 0.07921 0.05941 0.00990 0.00000 0.13861 0.09901
0.98020 0.42574 0.77228 0.00000 0.22772 0.49505 0.00990 0.48515 0.00000 0.02970 0.07921 0.00000 0.51485 0.00000 0.71287 0.00000 0.00000 0.59406 0.28713 0.00990 0.56436 0.00000 0.65347 0.00000 0.49505
0.00000 0.00000 0.91089 0.91089 0.70297 0.00000 0.00000 0.00000 0.32673 0.00000 0.62376 0.00000 0.11881 0.00000 0.28713 0.13861 0.38614 0.00000 0.13861 0.01980 0.03960 0.00000 0.14851 0.00000 0.13861
0.85149 0.28713 0.00000 0.00000 0.00000 0.96040 0.77228 0.13861 0.04950 0.16832 0.03960 0.00000 0.02970 0.00990 0.69307 0.66337 0.00000 0.53465 0.70297 0.00990 0.70297 0.00000 0.16832 0.00000 0.72277
0.84158 0.05941 0.00000 0.29703 0.00000 0.05941 0.00000 0.01980 0.33663 0.15842 0.32673 0.00000 0.17822 0.44554 0.23762 0.00000 0.00000 0.08911 0.58416 0.29703 0.41584 0.00000 0.56436 0.37624 0.45545
0.00000 0.00000 0.96040 0.00000 0.89109 0.00000 0.00000 0.01980 0.07921 0.00000 0.05941 0.00000 0.00000 0.00000 0.04950 0.00000 0.00000 0.00000 0.03960 0.04950 0.04950 0.00000 0.05941 0.08911 0.99010
0.77228 0.05941 0.00000 0.00000 0.00000 0.99010 0.00000 0.32673 0.00000 0.17822 0.00000 0.00000 0.19802 0.00000 0.64356 0.00000 0.00000 0.17822 0.00000 0.67327 0.46535 0.00000 0.00000 0.00000 0.67327
0.96040 0.26733 0.00000 0.00000 0.00000 0.00000 0.23762 0.07921 0.02970 0.02970 0.00000 0.02970 0.00000 0.00000 0.69307 0.46535 0.00000 0.00000 0.71287 0.93069 0.39604 0.00000 0.07921 0.00000 0.39604
0.00000 0.00000 0.01980 0.90099 0.70297 0.00000 0.00000 0.00990 0.09901 0.00000 0.09901 0.00000 0.20792 0.05941 0.01980 0.91089 0.27723 0.01980 0.09901 0.32673 0.93069 0.00000 0.36634 0.27723 0.83168
0.91089 0.03960 0.00000 0.00000 0.00000 0.00000 0.00000 0.02970 0.00000 0.04950 0.00000 0.00000 0.01980 0.01980 0.01980 0.00000 0.00000 0.01980 0.98020 0.00000 0.95050 0.00000 0.02970 0.00000 0.95050
0.00000 0.00000 0.81188 0.00000 0.49505 0.00000 0.00000 0.01980 0.00990 0.00000 0.00000 0.00000 0.12871 0.00000 0.36634 0.00000 0.68317 0.00000 0.18812 0.66337 0.53465 0.00000 0.30693 0.69307 0.00000
0.00000 0.00000 0.64356 0.00000 0.04950 0.00000 0.00000 0.00000 0.00000 0.00000 0.00000 0.00000 0.00990 0.00000 0.29703 0.00000 0.30693 0.00000 0.35644 0.30693 0.29703 0.00000 0.00000 0.30693 0.00000
0.00000 0.00000 0.00000 0.56436 0.00000 0.00000 0.00000 0.00000 0.16832 0.00000 0.00000 0.00000 0.00000 0.12871 0.00000 0.26733 0.00000 0.00000 0.43564 0.00000 0.00000 0.00000 0.43564 0.43564 0.14851
0.00000 0.00000 0.00000 0.00000 0.00000 0.99010 0.00000 0.00000 0.00000 0.00000 0.00990 0.00000 0.00000 0.00000 0.00000 0.00000 0.00000 0.00000 0.00990 0.00990 0.00000 0.00000 0.00000 0.00000 0.00000
0.00000 0.00000 0.00000 0.00000 0.00000 0.00000 0.00000 0.00000 0.00000 0.00000 0.00000 0.00000 0.00000 0.00000 0.00000 0.00000 0.00000 0.00000 0.00000 0.00000 0.00000 0.00000 0.00000 0.00000 0.00000
0.00000 0.00000 0.00000 0.00000 0.00000 0.00000 0.42574 0.00000 0.01980 0.00000 0.00000 0.00000 0.00000 0.00000 0.00000 0.55446 0.00000 0.00000 0.00000 0.00000 0.55446 0.00000 0.00000 0.00000 0.55446
0.73267 0.02970 0.00000 0.00000 0.00000 0.00000 0.00000 0.03960 0.00000 0.17822 0.00000 0.00000 0.01980 0.00000 0.18812 0.00000 0.00000 0.21782 0.05941 0.00000 0.00000 0.00000 0.04950 0.00000 0.01980
0.00000 0.00000 0.00000 0.00000 0.00000 0.00000 0.00000 0.00000 0.00000 0.00000 0.00000 0.00000 0.00000 0.00000 0.00000 0.00000 0.00000 0.00000 1.00000 1.00000 0.00000 0.00000 0.00000 0.00000 0.00000
0.00000 0.00000 0.00000 0.00000 0.00000 0.00000 0.00000 0.00000 0.00000 0.00000 0.00000 0.00000 0.00000 0.48515 0.00000 0.00000 0.00000 0.00000 0.00000 0.00000 0.00000 0.00000 0.00000 0.00000 0.50495
