0.97030 0.09901 0.94059 0.74257 0.34653 0.74257 0.84158 0.71287 0.27723 0.22772 0.80198 0.98020 0.86139 0.02970 0.88119 0.54455 0.36634 0.26733 0.01980 0.64356 0.12871 0.38614 0.05941 0.00000 0.53465
0.00990 0.80198 0.18812 0.82178 0.83168 0.00000 1.00000 0.10891 0.94059 0.00000 0.97030 0.00000 0.01980 0.02970 0.82178 0.17822 0.06931 0.03960 0.18812 0.81188 0.42574 0.17822 0.00000 0.28713 0.19802
1.00000 0.76238 1.00000 0.00990 0.89109 0.98020 0.89109 0.10891 0.03960 0.00000 0.78218 0.00000 0.98020 0.00000 0.28713 0.00000 0.20792 0.00000 0.00000 0.01980 0.30693 0.38614 0.04950 0.07921 0.24752
0.00000 0.94059 0.08911 0.81188 0.85149 0.03960 0.69307 0.03960 0.85149 0.95050 0.22772 0.05941 0.06931 0.89109 0.23762 0.00990 0.12871 0.29703 0.08911 0.04950 0.41584 0.11881 0.00000 0.35644 0.07921
0.80198 0.17822 0.00000 0.14851 0.23762 0.24752 0.82178 0.64356 0.17822 0.01980 0.12871 0.65347 0.48515 0.27723 0.08911 0.00000 0.59406 0.64356 0.20792 0.03960 0.70297 0.22772 0.23762 0.44554 0.00000
0.99010 0.00000 0.08911 0.74257 0.86139 0.74257 0.09901 0.99010 0.06931 0.92079 0.00000 0.11881 0.07921 0.15842 0.09901 0.16832 0.01980 0.81188 0.79208 0.00000 0.10891 0.12871 0.00990 0.05941 0.12871
1.00000 0.00000 0.00000 1.00000 0.00000 1.00000 0.00990 0.00000 0.99010 0.00000 0.00000 1.00000 0.00000 1.00000 0.00000 0.39604 0.00000 0.50495 0.49505 0.00000 0.00000 0.00990 0.00000 0.00000 0.60396
0.00000 0.00000 1.00000 0.97030 0.00000 0.99010 0.06931 0.00000 0.31683 0.00990 0.61386 0.00000 0.00000 1.00000 0.30693 0.00000 0.00990 0.31683 0.29703 0.03960 0.65347 0.20792 0.00000 0.00990 0.00000
0.00000 0.00000 0.00000 0.00000 0.00000 0.95050 0.99010 0.00000 0.88119 0.00000 0.99010 0.00000 1.00000 0.00000 0.04950 0.00000 1.00000 0.12871 0.00000 0.00990 0.07921 0.08911 0.42574 0.04950 0.00000
0.00000 1.00000 1.00000 0.00000 0.00000 1.00000 0.00000 0.00000 0.00000 0.00000 0.00000 0.00000 1.00000 0.00000 0.00000 0.00000 1.00000 0.00000 0.00000 0.00000 0.34653 0.00000 0.00000 0.33663 0.00000
0.00000 0.67327 1.00000 0.54455 0.00990 0.05941 0.00000 0.95050 0.31683 0.00000 0.09901 0.16832 0.03960 0.67327 0.00000 0.05941 0.54455 0.18812 0.00000 0.07921 0.31683 0.33663 0.00000 0.49505 0.25743
1.00000 0.92079 0.00000 0.07921 0.00000 0.00000 0.05941 0.00000 0.00000 0.92079 0.01980 0.00000 0.00000 0.00000 0.00000 0.92079 0.00000 0.00000 0.01980 0.92079 0.00000 0.00000 0.00000 0.05941 0.52475
1.00000 0.00000 0.00000 0.00000 0.00000 0.00000 0.99010 0.00000 0.00000 1.00000 0.00000 0.00000 0.00990 0.00000 0.92079 0.00000 0.00000 0.51485 0.48515 0.07921 0.00990 0.06931 0.00000 0.00000 0.00000
0.98020 0.00000 0.02970 0.00000 0.96040 0.00000 0.00990 0.98020 0.00000 0.00000 0.03960 0.98020 0.95050 0.00990 0.00000 0.00000 0.00000 0.03960 0.03960 0.01980 0.00000 0.01980 0.00000 0.01980 0.00990
0.00000 0.00000 0.00000 0.83168 1.00000 0.00990 0.00000 0.00000 0.00000 0.00000 0.94059 0.00000 0.00000 0.10891 0.00000 1.00000 0.05941 0.04950 0.00000 0.16832 0.05941 0.04950 0.00000 0.00000 0.35644
0.96040 0.01980 0.01980 0.00000 0.00000 0.00000 0.01980 0.00000 0.93069 0.00000 0.95050 0.00000 0.00000 0.00000 0.01980 0.02970 0.96040 0.06931 0.00000 0.00990 0.03960 0.02970 0.01980 0.00000 0.00990
0.00000 0.00000 0.31683 0.16832 0.00000 0.32673 0.00000 0.77228 0.00000 0.22772 0.00000 0.16832 0.00000 0.83168 0.45545 0.50495 0.00000 0.05941 0.19802 0.15842 0.29703 0.20792 0.00000 0.39604 0.30693
1.00000 0.00000 0.00000 0.00000 0.00000 0.00000 0.92079 0.95050 0.00000 1.00000 0.00000 0.00000 0.07921 0.00000 0.00000 0.00000 0.00000 0.00000 0.04950 0.00000 0.07921 0.00000 0.00000 0.00000 0.00000
1.00000 0.00000 1.00000 0.00000 1.00000 0.00000 0.00000 0.00000 0.00000 0.00000 0.00000 0.00000 0.00000 0.00000 0.00000 0.00000 0.00000 0.00000 0.00000 0.00000 0.00000 0.00000 0.00000 0.00000 0.00000
1.00000 1.00000 1.00000 0.00000 0.00000 0.00000 0.00000 0.00000 0.00000 0.00000 0.00000 0.00000 0.00000 0.00000 0.00000 0.00000 0.00000 0.00000 0.00000 0.00000 0.00000 0.00000 0.00000 0.00000 0.00000
0.00000 0.00000 1.00000 0.00000 1.00000 0.00000 0.00000 1.00000 0.00000 0.00000 0.00000 0.00000 0.00000 0.00000 0.00000 0.00000 0.00000 0.00000 0.00000 0.00000 0.00000 0.00000 0.00000 0.00000 0.00000
0.00000 0.00000 0.00000 0.00000 0.00000 0.00000 0.00000 0.00000 0.00000 0.00000 0.00000 1.00000 0.00000 1.00000 0.00000 0.00000 0.00000 0.00000 0.00000 0.00000 0.00000 0.00000 0.00000 0.00000 0.00000
0.00000 0.00000 0.00000 0.00000 0.00000 0.97030 0.00000 0.00000 0.00000 1.00000 0.00000 0.00000 0.00000 0.00000 0.00000 0.00000 0.00000 0.02970 0.00000 0.00000 0.00000 0.02970 0.02970 0.01980 0.00000
1.00000 1.00000 0.00000 0.00000 0.00000 0.00000 0.00000 0.00000 0.00000 0.00000 0.00000 0.00000 0.00000 0.00000 0.00000 0.00000 0.00000 0.00000 0.00000 0.00000 0.00000 0.00000 0.00000 0.00000 0.00000
0.00000 0.00000 0.00000 0.00000 0.00000 0.00000 0.00000 0.00000 0.00000 0.00000 0.00000 0.00000 0.00000 0.00000 0.00000 0.00000 0.00000 0.00000 0.00000 0.00000 0.00000 0.00000 0.44554 0.00000 0.00000
