0.00000 0.95050 0.00000 1.00000 0.00000 0.00000 0.72277 0.53465 0.00990 0.38614 0.99010 1.00000 0.16832 0.00000 0.98020 0.05941 0.02970 0.10891 0.17822 0.00000 0.00000 0.00000 0.11881 0.00000 0.00000
0.00000 1.00000 1.00000 0.00000 1.00000 1.00000 0.00000 0.00000 0.00000 0.00000 0.00000 0.00000 0.00000 0.00000 0.00000 0.58416 0.00000 0.00000 0.00000 0.00000 0.00000 0.00000 0.00000 0.00000 0.00000
0.00000 0.00000 1.00000 0.96040 0.00000 0.97030 0.02970 0.90099 0.00000 0.50495 0.01980 0.00000 0.00000 0.54455 0.00000 0.01980 0.00000 0.03960 0.05941 0.44554 0.00990 0.00000 0.00990 0.00000 0.00000
0.00000 0.00000 1.00000 1.00000 0.00000 0.00000 1.00000 0.00000 1.00000 0.00000 0.00000 0.00000 1.00000 0.00000 0.00000 0.00000 0.00000 0.00000 0.00000 0.00000 0.00000 0.00000 0.00000 0.00000 0.00000
0.00000 1.00000 0.00000 0.00000 0.00000 1.00000 0.00000 0.00000 0.00000 0.00000 0.99010 0.65347 0.00000 0.00990 0.70297 0.00000 0.00000 0.00000 0.00000 0.64356 1.00000 0.00000 0.00000 0.00000 0.00000
0.88119 0.00000 0.88119 0.11881 0.11881 0.00000 0.00000 1.00000 0.00000 1.00000 0.00000 0.00000 0.00000 0.00000 0.00000 0.00000 0.00000 0.90099 0.00990 0.00000 0.00000 0.11881 0.00000 0.00000 0.00000
1.00000 0.00000 0.00000 0.00000 1.00000 0.00000 0.00000 0.99010 0.00000 0.00990 0.00000 0.00000 0.00000 0.18812 0.00000 0.00000 0.00000 0.00000 0.45545 0.81188 0.00000 0.00000 0.00000 0.00000 0.00000
0.00000 0.00000 0.00000 0.00000 0.00000 0.00000 0.00000 0.81188 1.00000 1.00000 0.96040 0.01980 0.00000 0.14851 0.01980 0.00000 0.18812 0.00000 0.49505 0.66337 0.00000 0.00000 0.00000 0.00990 0.00000
1.00000 0.00000 0.00000 0.98020 0.00000 0.00000 0.00000 0.00000 1.00000 0.00000 0.92079 0.03960 0.00000 0.02970 0.00990 0.00990 0.01980 0.00000 0.00000 0.00000 0.00000 0.00000 0.01980 0.00000 0.00000
0.00000 0.00000 0.00000 0.00000 0.00000 0.00000 1.00000 0.00000 0.00000 0.00000 0.00000 0.17822 0.46535 0.00000 0.18812 0.28713 0.00000 0.00000 0.00000 0.63366 0.00000 0.00000 0.53465 0.00000 0.00000
0.00000 0.00000 1.00000 0.99010 0.00000 0.93069 0.00000 0.00000 0.00000 0.00000 0.00000 0.00000 0.00000 0.00000 0.00000 0.06931 0.06931 0.00000 0.00000 0.00000 0.00000 0.00000 0.00990 0.00000 0.00000
0.00000 0.92079 1.00000 0.00000 0.00000 0.00000 0.00000 0.00000 0.00000 0.00000 0.00000 0.06931 0.52475 0.00000 0.00990 0.00000 0.00000 0.00000 0.00000 0.00000 0.07921 0.00000 0.47525 0.00000 0.00000
1.00000 0.00000 0.00000 0.00000 1.00000 0.00000 0.00000 0.00000 0.00000 0.00000 0.00000 0.00000 0.00000 0.00000 0.00000 0.00000 0.00000 0.00000 0.00000 0.00000 0.00000 0.00000 0.00000 0.00000 0.00000
1.00000 0.00000 0.00000 1.00000 0.00000 0.00000 0.94059 0.00000 0.00000 0.00000 0.00000 0.00000 0.02970 0.00000 0.00990 0.00000 0.00000 0.00000 0.00000 0.04950 0.00000 0.00000 0.02970 0.00000 0.00000
0.00000 1.00000 0.00000 0.00000 0.00000 0.00000 0.00000 0.00000 0.00000 0.00000 0.00000 0.14851 0.00000 0.00000 0.07921 0.39604 0.00000 0.00000 0.00000 0.77228 0.00000 0.00000 0.00000 0.00000 0.00000
0.00000 0.00000 0.78218 0.00000 0.78218 0.21782 0.00000 0.00000 0.00000 0.00000 0.00000 0.00000 0.11881 0.00000 0.00000 0.00000 0.00000 0.00000 0.21782 0.00000 0.21782 0.00000 0.09901 0.00000 0.21782
0.00000 0.00000 0.00000 0.00000 1.00000 0.91089 0.00000 0.00000 0.00000 0.00000 0.00000 0.00000 0.00000 0.00000 0.00000 0.08911 0.02970 0.00000 0.00000 0.00000 0.00000 0.00000 0.00000 0.00000 0.00000
0.00000 0.00000 0.00000 0.00000 0.00000 0.00000 0.79208 0.00000 0.00000 0.76238 0.00000 0.00000 0.12871 0.23762 0.01980 0.00000 0.12871 0.00000 0.00000 0.01980 0.00000 0.00000 0.07921 0.00000 0.00000
1.00000 0.00000 0.00000 0.00000 0.00000 0.00000 0.00000 0.00000 0.00000 0.00000 0.00000 0.00000 0.00000 0.00000 0.00000 0.00000 0.00000 0.00000 0.00000 0.00000 0.00000 0.00000 0.00000 0.00000 0.00000
0.00000 0.91089 0.00000 0.00000 0.00000 0.00000 0.00000 0.65347 0.00000 0.20792 0.00000 0.07921 0.00000 0.00000 0.00000 0.00990 0.03960 0.06931 0.18812 0.00000 0.07921 0.00000 0.00000 0.00000 0.00000
1.00000 0.00000 0.00000 0.00000 1.00000 0.00000 0.00000 0.00000 0.00000 0.00000 0.00000 0.00000 0.00000 0.00000 0.00000 0.00000 0.00000 0.00000 0.00000 0.00000 0.00000 0.00000 0.00000 0.00000 0.00000
1.00000 0.00000 0.00000 0.00000 0.00000 0.00000 0.00000 0.00000 0.00000 0.00000 0.00000 0.00000 0.00000 0.00000 0.00000 0.00000 0.00000 0.00000 0.00000 0.00000 0.00000 0.00000 0.00000 0.00000 0.00000
0.00000 0.90099 0.00000 0.00000 0.00000 0.00000 0.00000 0.00000 0.00000 0.00000 0.00000 0.09901 0.00000 0.00000 0.00000 0.00000 0.00000 0.00000 0.00000 0.00000 0.09901 0.00000 0.00000 0.00000 0.00000
0.00000 0.00000 0.00000 0.00000 0.00000 0.00000 0.00000 0.00000 1.00000 0.00000 0.00000 0.00000 0.00000 0.00000 0.00000 0.00000 0.00000 0.00000 0.00000 0.00000 0.00000 0.00000 0.00000 0.00000 0.00000
0.00000 0.00000 0.00000 0.00000 0.00000 0.00000 0.00000 0.00000 0.00000 0.00000 0.00000 0.00000 0.00000 0.00000 0.00000 0.00000 0.00000 0.00000 0.00000 0.00000 0.00000 0.00000 0.00000 0.00000 0.00000
