0.00000 1.00000 0.88119 0.00000 0.00000 0.88119 0.00000 1.00000 0.00000 0.00000 1.00000 0.11881 0.00000 0.00000 0.00000 0.00000 0.00000 0.11881 0.00000 0.52475 0.11881 0.00000 0.00000 0.00000 0.00000
0.00000 0.00000 0.94059 0.00000 1.00000 0.00000 0.32673 0.05941 0.00000 0.00000 0.00000 0.00000 0.10891 0.00000 0.00000 0.00000 0.81188 0.41584 0.29703 0.00000 0.95050 0.00000 0.00000 0.89109 0.00000
0.57426 0.00990 0.00000 0.00000 0.22772 0.99010 0.75248 0.00000 0.00000 0.00000 0.00000 0.00000 0.00000 0.18812 0.00000 0.00000 0.50495 0.43564 0.24752 0.00000 0.00000 0.00000 0.42574 0.00000 0.42574
0.00000 0.00000 0.01980 1.00000 0.87129 0.00000 0.25743 0.79208 0.00000 0.00000 0.18812 0.00000 0.00000 0.12871 0.00000 0.00000 0.54455 0.48515 0.51485 0.00000 0.00000 0.00000 0.00000 0.00000 0.00000
0.93069 0.99010 0.00000 0.00000 0.93069 0.00000 0.00990 0.00000 0.00000 0.00000 0.00990 0.00000 0.00000 1.00000 0.36634 0.28713 0.00000 0.05941 0.06931 0.00000 0.00000 0.63366 0.06931 0.00000 0.06931
0.00000 0.00000 1.00000 0.00000 0.00000 0.00000 0.00000 0.00000 1.00000 0.00000 0.00000 0.00000 0.30693 0.00000 0.00000 0.00000 0.00000 0.42574 0.00000 0.00000 0.00000 0.00000 0.00000 0.69307 0.00000
0.94059 0.00000 0.00000 0.00000 0.94059 0.00000 0.00000 0.00000 0.00000 0.00000 0.00000 0.00000 0.00000 1.00000 0.00000 0.00000 0.00000 0.05941 0.05941 0.00000 0.00000 0.00000 0.05941 0.00000 0.05941
0.00000 1.00000 0.15842 0.15842 0.00000 0.00000 0.00000 0.84158 0.39604 0.00000 0.00000 0.00000 0.24752 0.00000 0.00000 0.00000 0.00000 0.24752 0.00000 0.00000 0.19802 0.00000 0.00000 0.00000 0.84158
0.00000 0.00000 1.00000 0.00000 0.00000 0.00000 0.00000 0.94059 0.00000 0.00000 0.05941 1.00000 0.00000 0.00000 0.00000 0.00000 0.00000 0.00000 0.05941 0.00000 0.00000 0.00000 0.00000 0.00000 0.00000
0.99010 0.00000 0.00000 1.00000 0.00000 0.00000 0.00000 0.00000 0.00000 0.00000 0.00000 0.00000 0.00000 0.00990 0.00000 0.00000 0.00990 0.00000 0.00990 0.00000 0.00000 0.00000 0.00990 0.00000 0.00000
0.00000 0.00000 0.00000 1.00000 0.00000 0.00000 0.00000 1.00000 0.00000 0.00000 1.00000 0.00000 0.00000 0.00000 0.00000 0.00000 0.00000 0.00000 0.00000 0.00000 0.00000 0.00000 0.00000 0.00000 0.00000
0.00000 1.00000 0.00000 0.00000 0.00000 0.00000 0.42574 0.00000 0.00000 0.00000 0.00000 0.00000 0.00000 0.00000 0.00000 0.00000 0.47525 0.71287 0.30693 0.00000 0.00000 0.00000 0.00000 0.00000 0.00000
0.00000 1.00000 0.00000 0.00000 0.00000 0.00000 0.00000 0.00000 0.56436 0.00000 0.00000 0.00000 0.00000 0.00000 0.00000 0.43564 0.00000 0.00000 0.00000 0.00000 0.43564 0.00000 0.00000 0.00000 0.00000
0.00000 0.00000 0.00000 0.00000 0.00000 1.00000 0.00000 0.00000 0.00000 1.00000 0.00000 1.00000 0.00000 0.00000 0.00000 0.00000 0.00000 0.00000 0.00000 0.00000 0.00000 0.00000 0.00000 0.00000 0.00000
0.00000 0.00000 0.00000 0.00000 0.00000 0.00000 0.00000 0.00000 0.00000 0.00000 0.00000 1.00000 0.00000 0.00000 0.57426 0.49505 0.00000 0.00000 0.00000 0.00000 0.00000 0.42574 0.00000 0.00000 0.00000
0.99010 0.00000 0.00000 0.00000 0.00000 0.00000 0.00000 0.00000 0.00000 0.00000 0.00000 0.00000 0.00000 0.00990 0.00000 0.00000 0.00000 0.00990 0.00000 0.00000 0.00000 0.00000 0.00000 0.00000 0.00990
0.00000 1.00000 0.00000 0.00000 0.00000 1.00000 0.00000 0.00000 0.00000 0.00000 0.00000 0.00000 0.00000 0.00000 0.00000 0.00000 0.00000 0.00000 0.00000 0.00000 0.00000 0.00000 0.00000 0.00000 0.00000
0.00000 0.00000 0.00000 0.00000 0.00000 0.00000 0.00000 0.00000 0.00000 1.00000 0.00000 0.00000 0.00000 1.00000 0.00000 0.00000 0.00000 0.00000 0.00000 0.00000 0.00000 0.00000 0.00000 0.00000 0.00000
0.00000 0.00000 0.00000 1.00000 0.00000 0.00000 0.00000 0.00000 0.39604 0.00000 0.00000 0.00000 0.00000 0.00000 0.00000 0.38614 0.00000 0.00000 0.00000 0.00000 0.60396 0.00000 0.00000 0.00000 0.00000
0.68317 0.00000 0.00000 0.00000 0.09901 0.00000 0.03960 0.00000 0.00000 0.00000 0.00000 0.00000 0.00000 0.21782 0.00000 0.00000 0.11881 0.06931 0.40594 0.00000 0.00000 0.00000 0.31683 0.00000 0.31683
0.00000 0.00000 0.00000 0.00000 0.00000 0.00000 0.00000 0.00000 0.00000 0.00000 0.00000 0.00000 0.00000 0.00000 1.00000 0.00000 0.00000 0.00000 0.00000 0.00000 0.00000 0.00000 0.00000 0.00000 0.00000
0.00000 0.00000 0.00000 0.00000 0.88119 0.00000 0.00000 0.11881 0.00000 0.00000 0.88119 0.00000 0.00000 0.11881 0.00000 0.00000 0.00000 0.08911 0.00000 0.00000 0.00000 0.00000 0.00000 0.00000 0.00000
0.00000 0.00000 0.00000 0.00000 0.00000 0.00000 0.00000 0.00000 0.00000 0.00000 0.00000 0.00000 0.38614 0.00000 0.00000 0.00000 0.00000 0.27723 0.00000 0.00000 0.61386 0.00000 0.00000 0.00000 0.00000
0.00000 0.00000 0.00000 0.00000 0.00000 0.00000 0.00000 0.00000 0.00000 0.00000 0.00000 0.00000 0.00000 0.00000 0.00000 0.00000 0.00000 0.00000 0.00000 0.54455 0.00000 0.00000 0.00000 0.00000 0.00000
0.00000 0.00000 0.00000 0.00000 0.00000 0.00000 0.00000 0.00000 0.00000 1.00000 0.00000 0.00000 0.00000 0.00000 0.00000 0.00000 0.00000 0.00000 0.00000 0.00000 0.00000 0.00000 0.00000 0.00000 0.00000
