0.77228 0.98020 0.88119 0.72277 0.93069 0.14851 0.62376 0.50495 0.48515 0.77228 0.50495 0.97030 0.64356 1.00000 0.77228 0.37624 0.18812 0.22772 0.13861 0.05941 0.27723 0.07921 0.00000 0.35644 0.36634
0.75248 1.00000 0.92079 1.00000 0.00000 0.95050 1.00000 0.41584 0.30693 0.04950 0.63366 0.90099 0.98020 0.00000 0.05941 0.00000 0.15842 0.16832 0.47525 0.00000 0.31683 0.84158 0.00000 0.00000 0.32673
0.34653 0.99010 0.98020 1.00000 0.95050 0.21782 0.86139 0.99010 0.53465 0.93069 0.69307 0.10891 0.27723 0.98020 0.11881 0.04950 0.63366 0.03960 0.43564 0.18812 0.31683 0.49505 0.07921 0.56436 0.69307
0.80198 0.38614 0.99010 0.00000 0.98020 0.76238 0.00990 0.96040 1.00000 0.01980 0.84158 0.00000 0.00000 0.77228 1.00000 0.00000 0.00000 0.23762 0.00000 0.38614 0.20792 0.38614 0.00000 0.00000 0.23762
0.78218 1.00000 0.95050 1.00000 0.00000 0.93069 0.00000 1.00000 0.25743 1.00000 0.98020 0.98020 0.00990 0.00000 0.07921 0.95050 0.07921 0.08911 0.10891 0.00000 0.13861 0.13861 0.01980 0.14851 0.00000
0.57426 0.31683 0.00000 0.00000 0.95050 0.77228 0.98020 0.35644 0.95050 0.00000 0.06931 0.00000 1.00000 0.00000 0.38614 0.00000 0.08911 0.23762 0.26733 0.02970 0.08911 0.45545 0.87129 0.67327 0.00000
0.58416 0.98020 0.98020 0.01980 0.92079 0.98020 0.97030 0.05941 0.99010 0.10891 0.29703 0.00990 0.02970 0.99010 1.00000 0.00000 0.10891 0.01980 0.05941 0.10891 0.20792 0.39604 0.10891 0.25743 0.00990
0.22772 0.02970 1.00000 0.20792 0.78218 0.00000 0.00990 0.00000 0.74257 0.98020 0.21782 0.80198 0.00000 0.00000 0.80198 1.00000 0.58416 0.01980 0.24752 0.21782 0.20792 0.28713 0.00990 0.12871 0.53465
0.33663 0.98020 0.13861 0.90099 0.31683 0.31683 0.58416 0.07921 0.76238 0.58416 0.39604 0.83168 0.80198 0.00000 0.35644 0.17822 0.34653 0.39604 0.34653 0.03960 0.29703 0.46535 0.00000 0.44554 0.24752
0.86139 0.98020 0.00000 0.00000 0.13861 0.34653 0.79208 0.93069 1.00000 0.20792 0.98020 0.00000 0.13861 0.00000 0.79208 0.29703 0.56436 0.01980 0.07921 0.82178 0.00000 0.88119 0.12871 0.37624 0.39604
0.83168 0.97030 0.54455 0.07921 0.12871 0.34653 0.02970 0.84158 0.76238 0.88119 0.98020 0.94059 0.00000 0.02970 0.37624 0.00000 0.23762 0.02970 0.44554 0.00990 0.36634 0.00990 0.15842 0.15842 0.54455
0.54455 0.98020 0.89109 0.74257 0.04950 1.00000 0.11881 0.18812 0.97030 0.29703 0.20792 0.01980 0.00000 0.00990 0.92079 0.00000 0.26733 0.00000 0.00990 0.00000 0.19802 0.41584 0.22772 0.24752 0.12871
0.31683 0.98020 0.00000 0.96040 0.00000 1.00000 0.00000 0.72277 0.70297 0.03960 0.27723 0.00000 0.00000 0.00000 0.00000 0.00000 0.04950 0.68317 0.00990 0.11881 0.33663 0.08911 0.00000 0.27723 0.70297
0.24752 0.99010 0.00000 0.00000 0.00000 0.00990 0.00000 0.50495 0.75248 0.00000 0.49505 0.00990 1.00000 0.00000 0.00000 0.00000 0.30693 0.33663 0.17822 0.00000 0.83168 0.13861 0.00000 0.59406 0.74257
0.00000 0.00000 1.00000 1.00000 1.00000 0.00000 0.00000 0.00000 0.00000 1.00000 0.00000 0.00000 0.00000 0.00000 1.00000 0.00000 0.00000 0.00000 0.00000 0.00000 0.00000 0.00000 0.00000 0.00000 0.00000
0.05941 0.06931 0.68317 0.00000 0.00000 0.05941 1.00000 0.00000 0.00000 0.05941 0.12871 0.00000 0.68317 0.00000 0.14851 0.00000 0.05941 0.20792 0.38614 0.00000 0.00990 0.00000 0.04950 0.17822 0.00000
0.10891 0.95050 0.77228 0.00990 0.00000 0.65347 0.89109 0.00000 0.15842 0.00000 0.00990 0.00000 0.00000 0.00000 0.29703 0.00000 0.03960 0.00000 0.25743 0.00000 0.02970 0.24752 0.03960 0.42574 0.45545
0.00000 0.20792 0.00000 0.96040 0.88119 0.14851 0.57426 0.50495 0.09901 0.10891 0.05941 0.00000 0.00000 0.02970 0.01980 0.00000 0.02970 0.19802 0.42574 0.19802 0.09901 0.11881 0.06931 0.37624 0.06931
0.00000 0.00000 0.00000 1.00000 1.00000 0.00000 0.00000 0.00000 0.00000 1.00000 0.00000 0.00000 0.00000 0.00000 0.00000 0.51485 0.00000 0.00000 0.00000 0.00000 0.48515 0.00000 0.00000 0.00000 0.48515
0.05941 0.90099 0.00000 0.00000 0.00000 0.00990 0.00990 0.00000 0.01980 0.00000 0.01980 0.00000 0.00000 0.98020 0.00000 0.00000 0.01980 0.00000 0.00990 0.00000 0.00000 0.00990 0.00000 0.00000 0.01980
0.00000 0.00000 0.00000 0.00000 0.00000 0.00000 0.00000 0.00000 0.00000 0.00000 0.00000 0.00000 1.00000 0.00000 0.00000 0.58416 0.00000 0.00000 0.00000 0.00000 0.41584 0.00000 0.00000 0.00000 0.41584
0.00000 0.00000 0.00000 0.00000 0.00000 0.00000 0.00000 0.00000 0.00000 0.00000 0.00000 0.95050 0.00000 0.00000 0.00000 0.00000 0.00000 0.00000 0.00000 0.00000 0.04950 0.00000 0.00000 0.04950 0.04950
0.00000 0.00000 0.00000 0.99010 0.00000 0.00000 0.00000 0.00000 0.00000 0.00990 0.00000 0.00000 0.00000 0.00000 0.00000 0.00000 0.00000 0.00000 0.00000 0.00000 0.00000 0.00990 0.00000 0.00990 0.00000
0.00000 0.00000 0.63366 0.00000 0.00000 0.00000 0.00000 0.00000 0.00000 0.00000 0.00000 0.00000 0.00000 0.00000 0.36634 0.00000 0.09901 0.00000 0.36634 0.00000 0.12871 0.00000 0.00000 0.26733 0.36634
0.00000 0.00000 0.00000 0.00000 0.00000 0.00000 0.00000 0.00000 0.00000 0.00000 0.00000 0.00000 0.00000 1.00000 0.00000 0.00000 0.00000 0.00000 0.00000 0.00000 0.00000 0.00000 0.00000 0.00000 0.00000
