1.00000 0.00000 0.00000 0.00000 0.00000 0.00000 1.00000 0.00000 0.00000 0.00000 0.00000 0.00000 0.00000 0.00000 0.00000 1.00000 0.00000 0.00000 0.00000 0.00000 0.00000 0.00000 0.99010 0.00000 0.00000
1.00000 0.00000 0.95050 0.92079 0.00000 0.00000 0.00000 0.00000 0.00000 0.00000 0.00000 0.00000 0.00000 0.00000 0.00000 0.00000 0.00000 0.00000 0.00000 0.07921 0.00000 0.00000 0.00000 1.00000 0.00000
0.00000 0.00000 0.00000 0.00000 0.00000 0.00000 0.00000 1.00000 0.00000 0.00000 0.00000 0.98020 0.00000 0.00000 0.00000 0.00000 1.00000 0.00000 0.00000 0.00000 0.00000 0.99010 0.00000 0.00000 0.00000
0.00000 0.00000 1.00000 0.00000 1.00000 0.00000 0.00000 0.00000 0.00000 0.00000 0.00000 0.00000 0.00000 0.00000 0.00000 0.00000 0.00000 0.00000 1.00000 1.00000 0.00000 0.00000 0.00000 0.00000 0.00000
0.00000 1.00000 0.00000 0.00000 0.00000 0.98020 0.00000 0.00000 0.00000 0.01980 0.00000 0.00000 0.00000 1.00000 0.00000 0.00000 0.00000 0.98020 0.00000 0.00000 0.00000 0.00000 0.00000 0.00000 0.00000
0.00000 0.00000 0.00000 1.00000 0.00000 0.00000 0.00000 0.00000 0.00000 0.00000 0.00000 0.99010 0.00000 0.96040 0.02970 0.00000 0.00000 0.00000 0.00000 0.96040 0.00000 0.00000 0.00000 0.00000 0.00000
0.00000 0.00000 0.00000 0.04950 0.00000 0.00000 0.00000 0.53465 0.00000 0.00000 0.07921 0.00000 0.00000 0.00000 0.91089 0.00000 0.46535 0.00000 0.00000 0.00000 0.00000 1.00000 0.00000 0.91089 0.00000
0.00000 0.00000 0.00000 0.00000 0.00000 1.00000 0.00000 0.00000 0.00000 0.98020 0.00000 0.00000 0.99010 0.00000 0.00000 0.00000 0.00000 0.00000 0.00000 0.00000 0.00000 0.00000 0.00000 0.00000 0.00990
1.00000 0.00000 0.00000 0.00000 0.00000 0.00000 0.00000 0.00000 0.00000 0.00000 0.00000 0.00000 1.00000 0.00000 0.00000 0.00000 0.00000 1.00000 0.00000 0.00000 0.00000 0.00000 0.00000 0.00000 0.00000
0.00000 0.00000 0.00000 0.00000 0.00000 0.00000 0.00000 0.00000 0.00000 0.00000 0.97030 0.00000 0.00000 0.98020 0.95050 0.00000 0.00000 0.00000 0.00000 0.01980 0.00990 0.00000 0.00000 0.00990 0.00000
0.00000 0.00000 0.00000 0.00000 0.00000 0.00000 1.00000 0.00000 0.00000 0.00000 0.99010 0.00000 0.00000 0.00000 0.00000 0.00000 0.00000 0.00000 0.00000 0.00000 0.00000 0.00000 0.00000 0.98020 0.00000
0.00000 0.00000 0.00000 0.00000 0.02970 0.00000 1.00000 0.54455 0.00000 0.00000 0.00000 0.00000 0.00000 0.00000 0.00000 0.00000 0.45545 0.00000 0.97030 0.00000 0.00000 0.00000 0.00000 0.00000 0.00000
0.00000 0.00000 0.00000 0.00000 0.00000 0.65347 0.00000 0.00000 0.00000 0.98020 0.00000 0.00000 0.00000 0.00000 0.00000 0.00000 0.81188 0.00990 0.00000 0.00000 0.00000 0.17822 0.00000 0.00000 0.00000
0.00000 0.00000 0.00000 0.00000 0.00000 0.00000 0.00000 0.00000 0.45545 0.00000 0.97030 0.00000 0.00000 0.00000 0.00000 0.00000 0.00000 0.00000 0.00000 0.00000 0.46535 0.00000 0.00000 0.00000 0.53465
0.00000 0.00000 0.00000 0.98020 0.00000 0.00000 0.00000 0.00000 0.00000 0.00000 0.00000 0.00000 0.00000 0.01980 0.98020 0.00000 0.00000 0.00000 0.00000 0.99010 0.00000 0.00000 0.00000 0.01980 0.00000
0.00000 1.00000 0.00000 0.00000 0.00000 0.00000 1.00000 0.00000 0.00000 0.00000 0.00000 0.00000 0.98020 0.00000 0.00000 0.00000 0.00000 0.00000 0.00000 0.00000 0.00000 0.00000 0.00000 0.00000 0.00000
0.00000 0.00000 0.00000 0.00000 1.00000 0.00000 0.00000 0.00000 0.98020 0.00000 0.00000 0.00000 0.00000 0.00000 0.00000 0.00000 0.00000 1.00000 0.00000 0.00000 0.00000 0.00000 0.00000 0.00000 0.01980
0.00000 0.00000 0.00000 0.00000 0.00000 0.02970 0.00000 0.00000 0.75248 0.97030 0.00000 0.00000 0.00000 0.00000 0.00000 0.00000 0.00000 0.00000 0.00000 0.00000 0.24752 0.00000 0.00000 0.00000 0.44554
0.00000 1.00000 0.00000 0.00000 0.99010 0.00000 0.00000 0.00000 0.00000 0.00000 0.00000 0.00000 0.00000 0.00000 0.00000 0.97030 0.00000 0.00000 0.00990 0.00000 0.00000 0.00000 0.00000 0.00000 0.00000
0.00000 0.00000 0.00000 0.00000 0.00000 0.59406 0.00000 0.99010 0.00000 0.00000 0.00000 0.00000 0.00000 0.00000 0.00000 0.00000 0.18812 0.00000 0.00000 0.00000 0.00000 0.81188 0.00000 0.00000 0.00000
0.00000 0.00000 1.00000 0.00000 0.00000 0.00000 0.00000 0.00000 0.00000 0.00000 0.00000 0.00000 0.00000 0.00000 0.00000 0.98020 0.00000 0.00000 0.00000 0.00000 0.99010 0.00000 0.00000 0.00000 0.00000
0.00000 0.00000 0.00000 0.00000 1.00000 0.00000 0.00990 0.00000 0.00000 0.00000 0.00000 0.00000 0.00000 0.00000 0.00000 0.00000 0.00000 0.00000 0.98020 0.00000 0.00000 0.00000 0.98020 0.00000 0.00000
0.00000 0.00000 0.99010 0.00000 0.00000 0.00000 0.00000 0.00000 0.00000 0.00000 0.00000 1.00000 0.00000 0.00000 0.00000 0.00990 0.00000 0.00000 0.00990 0.00000 0.00000 0.00000 0.97030 0.00000 0.00000
0.00000 1.00000 0.00000 0.00000 0.00000 0.00000 0.00000 0.00000 0.28713 0.00000 0.00000 0.00000 0.00000 0.00000 0.00000 0.00990 0.00000 0.00000 0.00000 0.00000 0.71287 0.00000 0.00000 0.00000 0.35644
1.00000 0.00000 0.00000 0.98020 0.00000 0.00000 0.00000 0.00000 0.00000 0.00000 0.00000 0.00000 0.00000 0.00000 0.00000 0.00000 0.00000 0.00000 0.00000 0.00990 0.00000 0.00000 0.00000 0.00000 0.00000
