0.71287 0.98020 1.00000 1.00000 0.97030 0.54455 0.97030 0.01980 1.00000 1.00000 0.01980 0.66337 0.27723 0.66337 0.20792 0.64356 0.34653 0.75248 0.24752 0.59406 0.80198 0.51485 0.22772 0.60396 0.00000
0.99010 0.73267 0.97030 1.00000 1.00000 0.00000 1.00000 0.98020 0.60396 0.11881 0.00000 1.00000 0.80198 0.23762 0.74257 0.46535 0.41584 0.85149 0.06931 0.31683 0.05941 0.10891 0.07921 0.05941 0.01980
0.95050 0.00000 0.00000 0.99010 1.00000 0.01980 1.00000 1.00000 0.99010 0.01980 0.00000 0.99010 0.11881 0.00000 0.98020 0.91089 0.00000 0.03960 0.00000 0.03960 0.00000 0.00000 0.02970 0.05941 0.00000
0.42574 1.00000 0.95050 0.45545 1.00000 0.00000 0.52475 0.98020 0.00000 0.00000 0.00000 0.57426 0.67327 0.00000 0.74257 1.00000 0.10891 0.29703 0.09901 0.57426 0.06931 0.04950 0.50495 0.06931 0.01980
0.21782 0.78218 0.33663 0.66337 0.92079 0.23762 0.07921 0.00990 0.00000 0.60396 0.49505 0.02970 0.11881 0.16832 0.12871 0.16832 0.76238 0.64356 0.80198 0.57426 0.46535 0.50495 0.44554 0.76238 0.00000
0.16832 1.00000 0.70297 0.38614 0.10891 0.45545 0.04950 0.00000 0.26733 0.31683 0.00000 0.00990 0.71287 0.11881 0.55446 0.48515 0.77228 0.13861 0.27723 0.29703 0.09901 0.09901 0.00990 0.18812 0.00000
0.84158 0.00990 0.01980 0.99010 0.96040 1.00000 0.83168 0.96040 0.00990 0.00000 0.00000 0.17822 0.03960 0.00000 0.05941 0.13861 0.00000 0.12871 0.02970 0.14851 0.08911 0.34653 0.30693 0.04950 0.03960
1.00000 0.00990 0.00000 0.04950 0.00000 0.00000 0.72277 0.02970 0.94059 0.77228 0.94059 1.00000 0.00000 0.23762 0.00000 0.23762 0.00000 0.00000 0.23762 0.99010 0.02970 0.00000 0.07921 0.05941 0.00000
0.38614 0.98020 0.04950 0.89109 0.01980 1.00000 0.06931 0.13861 0.07921 0.00990 0.95050 0.38614 0.36634 0.00990 0.00000 0.12871 0.45545 0.45545 0.12871 0.54455 0.02970 0.00990 0.40594 0.08911 0.00000
0.16832 0.82178 0.22772 0.75248 0.11881 0.00990 0.17822 0.00990 0.00000 0.03960 0.00000 0.61386 0.43564 0.21782 0.07921 0.41584 0.00000 0.23762 0.40594 0.00990 0.00990 0.35644 0.40594 0.81188 0.00000
0.53465 0.14851 0.23762 0.00000 0.35644 0.00000 0.65347 0.46535 0.00000 0.00000 0.93069 0.50495 0.30693 0.00000 0.00000 0.29703 0.17822 0.53465 0.03960 0.31683 0.01980 0.50495 0.22772 0.00000 0.53465
0.79208 0.99010 0.00000 0.19802 0.00000 0.00000 0.00990 0.00000 0.79208 1.00000 0.00000 0.20792 0.00990 0.97030 0.00000 0.00000 0.00990 0.00000 0.00000 1.00000 0.01980 0.01980 0.00990 0.00000 0.00000
0.00000 0.00000 0.00000 0.99010 0.00000 0.89109 0.09901 0.00990 0.87129 0.01980 0.00000 0.00000 0.00990 0.00000 0.39604 0.54455 0.10891 0.00990 0.87129 0.10891 0.01980 0.00000 0.00990 0.00000 0.00000
0.00000 0.00990 0.75248 0.00000 0.02970 0.00000 0.97030 0.81188 0.00000 0.00000 0.00990 0.00000 0.18812 0.02970 0.05941 0.17822 0.07921 0.90099 0.81188 0.00000 0.11881 0.13861 0.10891 0.41584 0.18812
0.00990 0.99010 0.94059 0.00000 0.99010 0.00000 0.00000 0.00000 0.00000 0.00000 0.00000 0.00000 0.05941 1.00000 0.00000 0.00990 0.00000 0.00000 0.00990 0.00000 0.00000 0.26733 0.32673 0.04950 0.00000
0.00000 0.00000 0.00000 1.00000 0.00000 0.00000 0.00000 0.00000 1.00000 1.00000 0.00000 0.00000 0.00000 1.00000 0.00000 0.00000 0.00000 0.00000 0.00000 0.00000 0.00000 0.00000 0.00000 0.00000 0.00000
0.88119 1.00000 0.00000 0.00000 0.00000 1.00000 0.00000 0.00000 0.00000 0.00990 0.00000 0.10891 0.00000 0.00000 0.00000 0.00990 0.00000 0.00000 0.00000 1.00000 0.00000 0.00000 0.11881 0.00990 0.00000
0.69307 0.61386 0.00000 0.86139 0.00990 0.04950 0.00000 0.00000 0.13861 0.40594 0.00000 0.21782 0.13861 0.38614 0.00990 0.33663 0.49505 0.02970 0.00990 0.63366 0.00990 0.00000 0.36634 0.08911 0.00000
0.00990 0.00000 0.00000 0.11881 0.00000 0.89109 0.01980 0.12871 0.56436 0.02970 0.00000 0.27723 0.00990 0.21782 0.32673 0.51485 0.18812 0.50495 0.38614 0.10891 0.00000 0.00000 0.45545 0.58416 0.87129
0.69307 0.01980 0.00000 0.20792 0.98020 0.80198 0.05941 0.01980 0.00000 0.00000 0.00000 0.89109 0.00000 0.00000 0.00000 0.12871 0.25743 0.00000 0.00000 0.28713 0.00000 0.00000 0.12871 0.32673 0.00000
0.00000 0.99010 0.50495 0.00000 0.96040 0.00000 0.04950 0.00000 0.00000 0.00000 0.00000 0.00000 0.31683 0.00990 0.00000 0.17822 0.00000 0.00000 0.06931 0.00000 0.09901 0.32673 0.00000 0.49505 0.00000
0.00000 0.00000 0.00000 0.00000 0.00000 0.00000 0.01980 0.98020 0.00000 0.00000 0.00000 0.00000 0.00000 0.00000 0.00000 0.00000 0.00000 0.00000 0.00000 0.00000 0.00000 0.00000 0.00000 0.01980 0.00000
0.00990 0.00000 0.00000 0.00000 0.96040 0.00000 0.02970 0.00000 0.00000 0.00000 0.96040 0.00000 0.00000 0.00000 0.00000 0.00000 0.00000 0.00000 0.00000 0.00000 0.00000 0.01980 0.00000 0.02970 0.00000
0.00000 0.00000 0.00000 0.00000 0.00000 0.00000 0.00000 0.00000 0.00000 0.00000 1.00000 0.00000 0.00000 0.00000 0.00000 0.00000 0.00000 0.00000 0.00000 0.00000 0.00000 0.00000 0.00000 0.00000 0.00000
0.00000 0.00000 0.00000 0.00000 0.00000 0.00000 0.00000 0.00000 0.00000 0.00000 0.00000 0.00000 0.00000 0.00000 0.00000 0.00000 0.00000 0.00000 0.00000 0.00000 1.00000 0.00000 0.00000 0.00000 0.00000
