1.00000 0.00000 1.00000 1.00000 1.00000 0.00000 0.50495 0.52475 0.00000 0.68317 0.32673 0.90099 0.03960 0.99010 0.01980 0.99010 0.04950 0.86139 0.25743 0.06931 0.98020 0.51485 0.01980 0.20792 0.35644
1.00000 1.00000 0.97030 0.00000 0.00000 1.00000 0.98020 0.00000 0.02970 1.00000 0.97030 1.00000 0.01980 0.01980 0.99010 0.01980 0.00000 0.00990 0.00000 0.00000 0.00000 0.00990 0.96040 0.94059 0.02970
0.12871 0.00000 0.00000 1.00000 1.00000 1.00000 0.00000 1.00000 0.00990 0.86139 0.98020 0.00990 0.86139 0.00000 1.00000 0.98020 0.00000 0.61386 0.38614 0.00000 0.37624 0.02970 0.03960 0.00000 0.00000
0.01980 0.21782 1.00000 0.00990 0.01980 0.76238 0.77228 0.00000 0.77228 0.13861 0.22772 0.85149 0.00000 1.00000 0.78218 0.96040 1.00000 0.00000 0.19802 0.00000 0.00000 0.74257 0.00990 0.22772 0.05941
0.85149 0.77228 0.67327 0.99010 0.49505 0.01980 0.76238 0.00000 0.06931 0.75248 0.00000 1.00000 0.52475 0.35644 0.30693 0.45545 0.36634 0.49505 0.05941 0.14851 0.52475 0.05941 0.35644 0.32673 0.20792
0.98020 0.00990 0.00000 1.00000 0.99010 0.00000 0.00990 1.00000 0.99010 0.00000 0.00990 0.00000 1.00000 0.00990 0.00000 0.00000 0.99010 0.99010 0.99010 0.99010 0.01980 0.00000 0.01980 0.00990 0.09901
0.91089 0.00000 0.01980 0.00000 1.00000 1.00000 0.00000 1.00000 0.00000 0.06931 1.00000 0.00000 1.00000 0.01980 0.99010 0.92079 0.00000 0.02970 0.95050 0.09901 0.00000 0.03960 0.49505 0.00990 0.46535
0.82178 0.04950 1.00000 0.05941 0.99010 0.51485 0.77228 0.00000 0.67327 0.20792 0.29703 0.08911 0.76238 0.89109 0.01980 0.16832 0.43564 0.05941 0.05941 0.08911 0.06931 0.30693 0.35644 0.21782 0.61386
0.90099 1.00000 0.00000 0.48515 0.51485 0.00000 0.90099 0.01980 0.00000 1.00000 0.00000 0.61386 0.08911 0.09901 0.00000 0.38614 0.00990 0.58416 0.02970 0.00000 0.49505 0.04950 0.04950 0.47525 0.10891
1.00000 0.00000 0.94059 0.00000 0.05941 0.05941 0.00000 0.93069 0.99010 0.00000 0.94059 0.00000 0.94059 0.00000 0.05941 0.00990 0.00990 0.04950 0.00990 1.00000 0.00000 0.00000 0.50495 0.01980 0.45545
0.00000 0.00000 0.00000 1.00000 0.00000 0.00000 1.00000 1.00000 0.00000 0.00000 0.00000 0.00000 0.00000 1.00000 0.00000 0.00000 1.00000 0.99010 0.99010 0.00000 0.00990 0.00000 0.00000 0.00000 0.06931
0.10891 1.00000 0.00000 0.00000 0.00000 1.00000 0.01980 0.00000 0.98020 0.99010 0.90099 0.87129 0.00000 0.00000 0.04950 0.00000 0.98020 0.00000 0.00000 0.00990 0.00990 0.02970 0.00000 0.00000 0.08911
1.00000 0.00000 0.00000 1.00000 0.00000 0.00000 1.00000 0.00000 0.00000 1.00000 0.00000 1.00000 0.00000 1.00000 0.00000 0.00000 0.00000 0.00000 0.00000 0.00000 0.00000 0.00000 0.00000 0.00000 0.05941
0.72277 0.00000 0.00000 0.00000 0.00000 1.00000 0.00000 0.00000 1.00000 0.05941 0.88119 0.06931 0.02970 0.16832 0.00000 0.00000 1.00000 0.14851 0.02970 0.05941 0.00000 0.70297 0.27723 0.05941 0.03960
0.00000 1.00000 1.00000 1.00000 1.00000 0.00000 0.00000 0.00000 1.00000 0.00000 0.00000 0.00000 0.00000 0.00000 0.00000 0.00000 0.00000 0.00000 0.00000 0.00000 0.00000 0.00000 0.00000 0.00000 0.02970
0.86139 0.00000 0.00000 0.00000 0.00000 0.97030 0.00000 0.00000 0.00990 0.86139 0.99010 0.13861 0.10891 0.96040 0.00000 0.02970 0.02970 0.00000 0.00990 0.00000 0.10891 0.01980 0.02970 0.04950 0.12871
0.00990 1.00000 0.00990 0.99010 0.99010 0.99010 0.00000 0.00000 0.00000 0.00000 0.00000 0.00000 0.00000 0.00000 0.00000 0.00000 0.00000 0.00000 0.00990 0.00000 0.00000 0.00000 0.00000 0.00000 0.01980
0.00000 1.00000 0.99010 0.00000 0.00000 1.00000 0.00000 0.00000 0.00990 0.00000 0.00000 0.00000 0.00000 0.00000 0.00000 0.00990 0.99010 0.00000 0.00000 0.00000 0.00000 0.00000 0.00000 0.00000 0.08911
0.90099 0.00000 0.00000 1.00000 0.00000 0.00000 0.00990 0.00000 0.00000 0.09901 0.00000 0.89109 0.01980 0.00000 0.00000 0.00000 0.00000 0.07921 0.00000 0.99010 0.00000 0.07921 0.07921 0.00000 0.04950
0.00000 1.00000 0.00000 0.00000 1.00000 0.00000 1.00000 0.96040 0.00000 0.00000 0.00000 0.00000 0.00000 0.00000 0.00000 0.00000 0.00000 0.00000 0.03960 0.00000 0.00000 0.00000 0.00000 0.00990 0.03960
0.00000 0.00000 1.00000 0.00000 1.00000 0.00000 0.00000 0.00000 0.00000 0.00000 0.00000 0.00000 0.00000 1.00000 0.00000 1.00000 0.00000 0.00000 0.00000 0.00000 0.00000 0.00000 0.00000 0.00000 0.07921
0.00000 1.00000 0.00000 0.00000 0.00000 0.00000 0.00000 0.00000 1.00000 0.00000 1.00000 0.00000 0.00000 0.00000 1.00000 0.00000 0.00000 0.00000 0.00000 0.00000 0.00000 0.00000 0.00000 0.00000 0.08911
0.00000 0.00000 1.00000 1.00000 0.00000 0.00000 0.00000 0.96040 0.00000 0.00000 0.00000 0.00000 0.00000 0.00000 0.99010 0.00000 0.00000 0.00000 0.03960 0.00000 0.00000 0.00990 0.00990 0.00000 0.04950
0.00000 1.00000 0.00000 0.00000 0.00000 0.00000 0.00000 0.00000 0.00000 0.00000 0.00000 0.00000 1.00000 0.00000 1.00000 0.00000 0.00000 0.00000 0.00000 0.00000 0.00000 0.00000 0.00000 0.00000 0.08911
0.00000 1.00000 0.00000 0.00000 0.00000 0.00000 0.00000 0.00000 0.00000 0.00000 0.00000 0.00000 0.00000 0.00000 0.00000 0.00000 0.00000 0.00000 0.00000 1.00000 0.00000 0.00000 0.00000 0.00000 0.07921
