1.00000 1.00000 1.00000 1.00000 1.00000 1.00000 1.00000 1.00000 1.00000 1.00000 1.00000 1.00000 1.00000 1.00000 0.52475 0.50495 0.51485 0.52475 0.50495 0.45545 0.53465 0.51485 0.48515 0.53465 0.00000
1.00000 0.93069 1.00000 0.97030 0.90099 0.09901 0.00000 1.00000 1.00000 1.00000 0.08911 1.00000 0.98020 1.00000 0.00000 0.00000 0.00000 0.00000 0.00990 0.00000 0.00000 0.00000 0.02970 0.00000 0.99010
1.00000 1.00000 0.93069 0.78218 1.00000 1.00000 0.98020 0.00000 0.00000 0.20792 0.52475 0.05941 0.00000 0.01980 0.00000 0.00000 0.06931 0.17822 0.00000 0.00000 0.45545 0.00000 0.13861 0.00000 0.72277
1.00000 0.97030 0.97030 1.00000 0.00990 0.02970 0.00000 0.97030 0.00000 0.98020 0.01980 0.93069 0.06931 0.07921 0.00000 0.00000 0.00990 0.00000 0.00000 0.95050 0.00990 0.00000 0.00000 0.00000 0.00000
1.00000 0.99010 0.00000 0.81188 0.00000 1.00000 0.99010 0.00000 0.00000 0.17822 0.00990 0.00000 0.00000 0.01980 0.00000 0.00000 0.00000 0.00000 0.13861 0.00000 0.00000 0.00000 0.11881 0.00000 0.80198
0.00000 0.00000 1.00000 0.00990 1.00000 0.99010 0.00000 0.04950 0.00000 0.07921 0.00000 0.04950 0.00000 0.79208 0.00000 0.00000 0.00990 0.00000 0.00000 0.01980 0.00000 0.00000 0.00000 0.00000 0.00000
0.00000 1.00000 0.00000 0.85149 0.00000 1.00000 0.00000 0.00000 0.00000 0.14851 0.00000 0.00000 0.00000 0.00000 0.00000 0.00000 0.00000 0.07921 0.06931 0.00000 0.00000 0.00000 0.07921 0.00000 0.00000
0.00000 0.00000 0.94059 0.00000 1.00000 0.00000 0.00000 0.00000 0.00000 0.00000 0.29703 0.05941 0.00000 0.00000 0.00000 0.00000 0.01980 0.00000 0.46535 0.00000 0.46535 0.00000 0.00000 0.00000 0.00000
0.00000 0.00000 0.80198 0.00000 0.00000 1.00000 0.00000 0.00000 0.00000 0.00000 0.12871 0.17822 0.00000 0.01980 0.00000 0.00000 0.00000 0.00000 0.06931 0.00000 0.00000 0.00000 0.00000 0.00000 0.80198
0.99010 0.00000 0.00990 0.00990 0.99010 0.99010 0.00000 0.00000 0.00000 0.00000 0.00000 0.00000 0.00000 0.00000 0.00000 0.00000 0.00000 0.00990 0.00000 0.00000 0.00000 0.00000 0.00000 0.00000 0.00000
1.00000 0.01980 0.00000 0.69307 0.00000 0.00000 0.00000 0.00000 0.00000 0.27723 0.00000 0.00000 0.00000 0.00990 0.00000 0.00000 0.00000 0.10891 0.24752 0.00000 0.00000 0.00000 0.00000 0.00000 0.71287
0.00000 0.96040 0.00000 0.03960 0.00000 0.00000 0.00000 0.00000 0.00000 0.00000 0.44554 0.00000 0.00000 0.00000 0.00000 0.00000 0.00000 0.00000 0.55446 0.00000 0.00000 0.00000 0.00000 0.00000 1.00000
1.00000 0.98020 0.00000 0.01980 0.00000 0.00000 0.00000 0.00000 0.00000 0.00000 0.00000 0.00000 0.00000 0.00000 0.00000 0.00000 0.00000 0.00000 0.00000 0.00000 0.00990 0.00000 0.00000 0.00000 0.00000
1.00000 0.00000 0.83168 0.00000 0.00000 0.00000 0.00000 0.00000 0.00000 0.00000 0.06931 0.16832 0.00000 0.00000 0.00000 0.00000 0.06931 0.00000 0.05941 0.00000 0.00000 0.00000 0.00000 0.00000 0.00000
0.00000 0.00000 0.00000 0.00000 0.00000 0.00000 0.89109 0.00000 0.52475 0.00000 0.00000 0.00000 0.00990 0.00000 0.00000 0.00000 0.00000 0.09901 0.06931 0.44554 0.00000 0.00000 0.00000 0.00000 0.00000
0.00000 0.04950 0.00000 0.95050 0.00000 0.00000 0.00000 0.03960 0.00000 0.02970 0.00000 0.03960 0.00000 0.83168 0.00000 0.00000 0.00000 0.00000 0.00000 0.05941 0.00000 0.00000 0.03960 0.00000 0.00000
1.00000 0.00000 0.00000 0.00000 0.00000 0.00000 0.00000 0.00000 0.45545 0.00000 0.00000 0.00000 0.00990 0.00000 0.00000 0.00000 0.00000 0.00000 0.00000 0.53465 0.00000 0.00000 0.00000 0.00000 0.00000
0.00000 0.00000 0.00000 0.00000 0.00000 0.00000 0.00000 0.00000 0.00000 0.00000 0.00000 0.00000 0.00000 0.00000 0.00000 0.00000 0.00000 0.00000 0.00000 0.00000 0.00000 0.00000 0.00000 0.00000 1.00000
0.00000 0.00000 0.00000 0.00000 0.00000 0.00000 0.00000 0.00000 0.00000 0.00000 0.00000 0.00000 0.00000 0.00000 0.00000 0.00000 0.00000 0.00000 0.00000 0.00000 0.00000 0.00000 0.00000 0.00000 1.00000
0.00000 0.00000 0.00000 0.00000 0.00000 0.00000 0.89109 0.00000 0.00000 0.00000 0.00000 0.00000 0.00000 0.00000 0.00000 0.00000 0.00000 0.02970 0.09901 0.00000 0.00000 0.00000 0.00000 0.00000 0.00000
0.00000 0.00000 0.00000 0.00000 0.00000 0.00000 0.00000 0.00000 0.00000 0.00000 0.00000 0.00000 0.00990 0.01980 0.00000 0.00000 0.00000 0.00000 0.00000 0.97030 0.00000 0.00000 0.00000 0.00000 0.00000
0.00000 0.00000 0.00000 0.00000 1.00000 0.00000 0.00000 0.00000 0.00000 0.00000 0.00000 0.00000 0.00000 0.00000 0.00000 0.00000 0.00000 0.00000 0.00000 0.00000 0.00000 0.00000 0.00000 0.00000 0.00000
0.00000 0.00000 0.00000 0.00000 0.00000 0.00000 0.00000 0.00000 0.00000 0.00000 0.00000 0.00000 0.00000 0.00000 0.00000 0.00000 0.00000 0.00000 0.00000 0.00000 0.00000 0.00000 0.00000 0.00000 1.00000
0.00000 0.00000 0.00000 0.00000 0.00000 0.00000 0.00000 0.07921 0.00000 0.03960 0.00000 0.04950 0.00000 0.79208 0.00000 0.00000 0.00000 0.00000 0.00000 0.03960 0.00000 0.00000 0.00000 0.00000 0.00000
0.00000 0.00000 0.00000 0.00000 0.00000 0.00000 0.00000 0.00000 0.00000 0.00000 0.00000 0.00000 0.00000 0.00000 0.00000 0.00000 0.00000 0.00000 0.00000 0.00000 0.00000 0.00000 0.00000 0.00000 1.00000
