1.00000 1.00000 0.97030 0.09901 1.00000 0.90099 0.73267 0.98020 0.52475 1.00000 0.31683 0.45545 0.87129 0.82178 0.94059 0.96040 0.99010 0.76238 0.99010 0.01980 0.67327 0.73267 0.44554 0.19802 0.26733
0.42574 1.00000 1.00000 0.00000 1.00000 0.65347 0.64356 1.00000 0.70297 0.58416 0.81188 0.08911 1.00000 0.76238 0.66337 0.48515 0.67327 0.88119 0.00000 0.76238 0.09901 0.66337 0.12871 0.13861 0.39604
1.00000 1.00000 1.00000 0.99010 1.00000 0.00000 1.00000 0.95050 0.00000 0.00990 0.00000 0.00990 1.00000 1.00000 1.00000 0.97030 0.00000 0.99010 0.00000 0.05941 0.07921 0.96040 0.90099 0.00000 0.03960
0.83168 0.14851 0.97030 1.00000 1.00000 0.83168 0.64356 0.28713 0.27723 0.17822 0.86139 0.96040 0.75248 0.71287 0.21782 0.26733 0.01980 0.56436 0.26733 0.09901 0.11881 0.17822 0.41584 0.21782 0.55446
0.96040 0.91089 0.12871 0.12871 0.26733 0.04950 0.98020 0.18812 0.00000 0.03960 1.00000 0.68317 0.43564 0.67327 0.57426 0.21782 0.66337 0.29703 0.37624 0.55446 0.78218 0.67327 0.59406 0.31683 0.03960
0.12871 1.00000 1.00000 1.00000 0.31683 0.95050 0.85149 1.00000 0.51485 0.87129 0.00000 0.48515 0.14851 1.00000 0.40594 0.46535 0.07921 0.48515 0.10891 0.63366 0.10891 0.20792 0.87129 0.02970 0.03960
0.96040 0.09901 0.87129 0.79208 0.15842 0.99010 0.95050 0.58416 0.00000 0.03960 0.00990 0.12871 0.19802 0.51485 0.13861 0.29703 0.73267 0.16832 0.79208 0.58416 0.32673 0.25743 0.03960 0.05941 0.42574
0.58416 1.00000 0.34653 1.00000 0.00000 0.98020 0.03960 0.53465 0.04950 1.00000 0.84158 0.00000 0.47525 0.29703 0.31683 0.37624 0.76238 0.00990 0.40594 0.90099 0.01980 0.00000 0.04950 0.25743 0.42574
0.25743 0.74257 0.82178 0.94059 0.79208 1.00000 0.91089 0.05941 1.00000 0.18812 0.94059 0.85149 0.00000 0.19802 0.00000 0.01980 0.00000 0.06931 0.08911 0.15842 0.01980 0.02970 0.18812 0.09901 0.08911
0.00000 0.00000 0.00000 1.00000 1.00000 1.00000 0.00000 0.00000 1.00000 1.00000 0.00000 1.00000 0.00000 0.00000 0.48515 0.00990 0.00000 0.50495 0.00000 0.00000 0.00000 0.00000 0.00000 0.46535 0.50495
0.02970 0.97030 0.97030 1.00000 0.00000 1.00000 0.98020 0.85149 0.98020 0.00000 0.02970 0.01980 0.00000 0.12871 0.04950 0.00000 0.00000 0.00000 0.00990 0.99010 0.00000 0.01980 0.00000 0.01980 0.14851
0.98020 0.00000 1.00000 0.00000 1.00000 0.00000 1.00000 0.00000 0.85149 1.00000 0.00000 0.14851 0.00000 0.00000 0.01980 0.00000 0.00000 0.00990 0.00000 0.13861 0.00000 0.84158 0.01980 0.00990 0.02970
0.99010 0.98020 0.96040 0.01980 0.00000 0.00990 0.00990 0.00000 1.00000 0.99010 0.01980 0.98020 0.00000 0.00000 0.00990 0.00000 0.00000 0.00000 0.01980 0.00990 0.00000 0.02970 0.02970 0.00000 0.05941
0.88119 0.00990 0.06931 0.99010 0.00000 0.00990 0.93069 0.00000 0.99010 0.06931 0.02970 0.96040 0.00000 0.00000 0.00000 0.00000 0.00000 0.00000 0.10891 0.00000 0.00990 0.03960 0.06931 0.43564 0.57426
0.65347 0.00000 0.97030 0.36634 0.99010 0.61386 0.63366 0.01980 0.36634 0.00000 0.00000 0.00990 0.00000 0.00990 0.00000 0.00000 0.32673 0.00000 0.32673 0.00990 0.06931 0.37624 0.91089 0.00000 0.35644
0.98020 1.00000 0.01980 0.00000 0.00000 0.00000 0.00000 0.00000 0.00000 0.00000 0.98020 1.00000 0.00000 0.00000 0.00000 0.00000 0.00000 0.00000 0.49505 0.00000 0.48515 0.00000 0.00000 0.01980 0.06931
0.99010 0.00000 0.62376 0.71287 0.79208 0.23762 0.00000 0.04950 0.39604 0.85149 0.00000 0.00000 0.03960 0.00000 0.18812 0.00000 0.10891 0.00000 0.00990 0.00990 0.00000 0.33663 0.24752 0.00990 0.19802
0.00000 1.00000 0.00000 1.00000 0.00000 1.00000 0.00000 0.50495 0.00000 0.00000 0.00000 0.00000 0.00000 0.52475 0.44554 0.32673 0.00000 0.03960 0.01980 0.47525 0.06931 0.02970 0.03960 0.00000 0.13861
0.00000 0.00000 0.00000 0.00000 1.00000 1.00000 0.00000 0.00000 0.00000 1.00000 0.00000 0.00000 0.00000 0.00000 0.00000 0.00000 1.00000 0.00000 0.00000 0.00000 0.00000 0.00000 0.00000 0.00000 0.02970
0.00000 0.01980 0.96040 0.00000 0.00000 0.00000 0.00000 0.43564 0.01980 0.00000 0.98020 0.00000 0.00000 0.50495 0.51485 0.42574 0.00000 0.01980 0.01980 0.52475 0.05941 0.02970 0.03960 0.00000 0.09901
0.94059 1.00000 0.06931 0.00000 0.00000 0.00000 0.93069 0.00000 0.00000 0.00000 1.00000 0.00000 0.00000 0.00000 0.00000 0.00000 0.00000 0.00000 0.05941 0.00000 0.00000 0.00990 0.04950 0.03960 0.05941
1.00000 1.00000 0.00000 1.00000 0.00000 0.00000 0.00000 0.00000 0.00000 1.00000 0.00000 0.00000 0.00000 0.00000 0.00000 0.00000 0.00000 0.00000 0.00000 0.00000 0.00000 0.00000 0.00000 0.00000 0.00990
0.00000 0.00000 0.00000 1.00000 0.00000 0.00000 0.00000 0.00000 0.00000 0.00000 0.00000 0.00000 0.44554 0.00000 0.00000 0.55446 0.00000 0.00000 0.00000 0.00000 0.00000 0.00000 0.00000 0.00000 0.01980
0.00000 0.00000 0.00000 0.00000 1.00000 0.00000 0.00000 0.00000 0.00000 0.00000 0.00000 0.00000 0.00000 0.00000 0.00000 0.00000 0.00000 0.00000 0.00000 0.00000 0.00000 0.00000 0.00000 0.00000 0.04950
0.00000 1.00000 0.00000 0.00000 0.00000 0.00000 0.00000 0.00000 0.00000 0.00000 0.00000 0.00000 0.00000 0.00000 0.00000 0.00000 0.00000 0.00000 0.00000 0.00000 0.00000 0.00000 0.00000 0.00000 0.01980
