0.07921 0.85149 0.04950 0.97030 1.00000 0.95050 1.00000 0.11881 0.04950 0.94059 1.00000 0.99010 1.00000 1.00000 0.95050 0.96040 1.00000 0.04950 0.00000 0.05941 0.00000 0.88119 0.00990 0.00000 0.03960
0.92079 0.50495 0.21782 0.66337 0.17822 0.45545 0.80198 0.83168 0.02970 0.99010 0.73267 0.34653 0.71287 0.33663 0.35644 0.18812 0.55446 0.09901 0.01980 0.40594 0.73267 0.04950 0.16832 0.50495 0.20792
1.00000 0.73267 0.82178 0.28713 1.00000 0.98020 0.00990 1.00000 1.00000 0.69307 0.01980 0.11881 0.00000 0.25743 0.02970 0.00000 0.03960 0.02970 0.12871 0.85149 0.68317 0.00000 0.15842 0.72277 0.28713
0.00000 0.00990 0.89109 0.10891 0.06931 0.98020 0.96040 0.08911 0.00000 0.80198 0.82178 0.94059 0.02970 0.99010 0.99010 0.11881 0.89109 0.79208 0.00000 0.15842 0.06931 0.04950 0.06931 0.03960 0.21782
0.71287 0.72277 0.06931 0.66337 0.46535 0.20792 0.00000 0.91089 0.00000 0.03960 0.87129 0.50495 0.89109 0.35644 0.23762 0.61386 0.26733 0.49505 0.09901 0.32673 0.63366 0.36634 0.13861 0.01980 0.22772
1.00000 0.00000 0.00000 1.00000 1.00000 0.00000 1.00000 0.00000 0.00000 1.00000 0.00000 1.00000 1.00000 0.00000 0.00000 1.00000 0.00000 1.00000 0.00000 1.00000 0.00000 0.00000 0.00000 0.00000 0.00990
0.65347 0.93069 0.84158 0.97030 0.28713 0.36634 0.00000 0.68317 0.18812 0.61386 0.00000 0.11881 0.01980 0.24752 0.80198 0.00000 0.58416 0.40594 0.75248 0.04950 0.00990 0.04950 0.00000 0.40594 0.56436
0.96040 0.95050 0.04950 1.00000 1.00000 0.00000 0.00000 0.95050 0.99010 1.00000 0.00000 0.86139 0.98020 0.05941 0.03960 0.09901 0.00000 0.00000 0.00000 0.09901 0.00000 0.00000 0.00000 0.00000 0.05941
0.00000 1.00000 0.93069 0.89109 0.90099 0.02970 0.02970 0.98020 0.00000 0.07921 0.96040 1.00000 0.11881 0.86139 0.12871 0.97030 0.03960 0.00000 0.00000 0.00000 0.03960 0.00990 0.00000 0.04950 0.03960
0.82178 0.17822 0.24752 0.00990 0.00990 0.00000 0.26733 0.44554 0.95050 0.07921 0.00990 0.68317 0.02970 0.46535 0.18812 0.37624 0.84158 0.36634 0.69307 0.98020 0.00000 0.08911 0.00990 0.37624 0.30693
1.00000 0.00000 0.00000 0.00000 0.00000 0.00000 0.17822 0.00000 0.00000 0.00000 0.17822 0.82178 1.00000 0.00000 0.00000 1.00000 0.00000 0.88119 1.00000 1.00000 0.00000 0.82178 0.82178 0.00000 0.10891
0.00990 0.40594 0.79208 0.38614 0.07921 0.84158 0.00000 0.76238 0.02970 0.06931 0.87129 0.55446 0.51485 1.00000 0.74257 0.12871 0.04950 0.33663 0.00000 0.00000 0.50495 0.23762 0.10891 0.49505 0.10891
0.01980 0.12871 1.00000 0.00000 0.00990 0.00990 0.91089 0.78218 0.77228 0.01980 0.00990 0.06931 0.17822 0.81188 0.95050 0.02970 0.15842 0.00000 0.72277 0.00000 0.18812 0.77228 0.19802 0.88119 0.27723
0.91089 0.85149 0.00990 0.00990 0.05941 0.00000 0.99010 0.16832 0.94059 0.00000 0.03960 0.00990 0.96040 0.92079 0.99010 0.02970 0.00000 0.02970 0.04950 0.13861 0.00000 0.77228 0.08911 0.07921 0.00990
0.86139 0.04950 0.81188 0.10891 0.82178 0.17822 1.00000 0.09901 0.00000 0.95050 0.10891 0.13861 0.00990 0.81188 0.84158 0.00990 0.02970 0.00990 0.00000 0.03960 0.00000 0.22772 0.68317 0.19802 0.01980
0.00000 0.66337 0.27723 0.48515 0.12871 0.21782 0.44554 0.57426 0.26733 0.00990 0.04950 0.58416 0.47525 0.08911 0.18812 0.31683 0.98020 0.07921 0.31683 0.59406 0.22772 0.15842 0.03960 0.43564 0.18812
0.94059 1.00000 0.00000 0.00000 0.02970 0.96040 0.01980 0.01980 0.89109 0.04950 0.88119 0.02970 0.02970 0.00990 0.00000 0.00000 0.00990 0.03960 0.06931 0.90099 0.07921 0.02970 0.95050 0.02970 0.00990
0.00000 1.00000 1.00000 0.00000 0.94059 1.00000 0.00000 1.00000 0.00000 0.05941 0.00000 0.00000 0.00000 1.00000 0.00000 0.00000 1.00000 0.00000 0.00000 0.00000 0.00000 0.00000 0.00000 0.00000 0.00000
1.00000 1.00000 0.00000 0.00000 0.00000 1.00000 0.00000 0.00000 0.00000 0.00000 0.00000 0.00000 0.00000 0.00000 0.00000 0.00000 1.00000 1.00000 1.00000 1.00000 0.00000 0.00000 0.00000 0.00000 0.00000
0.00000 0.02970 0.00000 0.79208 0.95050 0.14851 0.81188 0.00990 0.92079 0.21782 0.00000 0.00000 0.07921 0.10891 0.00990 0.15842 0.72277 0.00000 0.03960 0.00000 0.71287 0.00000 0.00000 0.17822 0.18812
0.44554 0.00000 0.58416 0.39604 0.15842 0.00000 0.23762 0.57426 0.00990 0.56436 0.01980 0.46535 0.36634 0.34653 0.51485 0.01980 0.00000 0.01980 0.40594 0.26733 0.02970 0.00990 0.12871 0.34653 0.30693
0.00000 0.00000 0.00990 0.00000 0.00000 0.00000 0.00000 0.00000 0.00000 0.00000 0.95050 0.00000 0.00000 0.00000 0.02970 0.03960 0.00000 0.00000 0.95050 0.02970 1.00000 0.00990 0.97030 0.95050 0.00990
0.00000 0.00000 0.00000 0.00000 0.00000 0.00000 1.00000 0.00000 0.00000 0.00000 1.00000 0.00000 0.00000 0.00000 0.00000 1.00000 0.00000 0.00000 0.00000 0.00000 0.00000 0.99010 1.00000 0.00000 0.00000
0.00000 0.00000 0.00000 1.00000 1.00000 0.00000 0.00000 0.00000 1.00000 1.00000 0.00000 0.00000 1.00000 0.00000 0.00000 0.00000 0.00000 0.00000 0.00000 0.00000 0.00000 0.00000 0.00000 0.00000 0.00000
0.98020 0.00000 0.00000 0.00990 0.91089 0.81188 0.83168 0.00990 0.00000 0.07921 0.00000 0.00000 0.00000 0.01980 0.12871 0.00000 0.18812 0.00000 0.00000 0.17822 0.00990 0.01980 0.00990 0.00000 0.00000
