1.00000 1.00000 1.00000 0.85149 1.00000 1.00000 0.81188 1.00000 0.95050 1.00000 0.68317 0.26733 0.12871 0.26733 0.81188 0.25743 0.80198 0.00000 0.17822 0.06931 0.09901 0.91089 0.87129 0.98020 0.03960
0.41584 0.83168 0.24752 0.00000 0.98020 0.82178 0.69307 1.00000 0.37624 0.54455 0.24752 0.00990 0.00000 0.87129 0.40594 0.04950 0.69307 0.87129 0.86139 0.21782 0.76238 0.71287 0.89109 0.48515 0.69307
0.28713 0.48515 0.92079 0.54455 0.06931 0.78218 0.00990 0.68317 0.33663 0.87129 0.99010 0.95050 0.63366 0.25743 0.10891 0.23762 0.98020 0.55446 0.99010 0.20792 0.42574 0.60396 0.85149 0.53465 0.36634
0.87129 0.78218 0.82178 0.91089 0.08911 0.75248 0.41584 0.98020 0.50495 0.72277 0.15842 1.00000 0.73267 0.02970 0.26733 0.02970 0.45545 0.78218 0.86139 0.53465 0.02970 0.08911 0.00990 0.01980 0.09901
1.00000 1.00000 0.99010 1.00000 0.00000 0.94059 0.06931 0.97030 0.00000 0.02970 1.00000 1.00000 0.00000 0.00000 0.00990 1.00000 0.95050 0.00000 0.09901 0.92079 0.01980 0.00000 0.00990 0.92079 0.01980
0.05941 0.00990 0.98020 1.00000 0.95050 0.98020 0.92079 0.02970 0.99010 0.97030 0.01980 0.95050 1.00000 0.94059 1.00000 0.00000 0.00000 0.99010 0.01980 0.04950 0.01980 0.00000 0.06931 0.01980 0.04950
0.78218 0.06931 0.97030 0.77228 0.00990 0.82178 0.06931 0.19802 0.94059 0.70297 0.97030 0.37624 0.95050 0.84158 0.27723 0.93069 0.13861 0.54455 0.26733 0.02970 0.73267 0.53465 0.00990 0.01980 0.07921
0.91089 0.44554 0.18812 1.00000 0.05941 0.00990 0.99010 0.55446 0.93069 0.88119 0.00990 0.10891 0.13861 0.27723 0.27723 0.81188 0.06931 0.69307 0.00000 0.18812 0.09901 0.58416 0.62376 0.48515 0.16832
0.98020 0.99010 0.42574 0.69307 0.66337 0.23762 0.00990 0.97030 0.04950 0.31683 0.99010 0.29703 0.25743 0.07921 0.47525 0.59406 0.92079 0.49505 0.04950 0.09901 0.13861 0.44554 0.28713 0.67327 0.00000
0.51485 0.04950 0.26733 0.04950 0.99010 1.00000 1.00000 0.51485 0.79208 0.41584 0.00000 0.02970 0.67327 0.51485 0.83168 0.14851 0.33663 0.29703 0.11881 0.34653 0.18812 0.34653 0.68317 0.00990 0.12871
0.00990 1.00000 0.10891 0.90099 0.99010 0.00000 1.00000 0.00000 1.00000 0.97030 0.00000 1.00000 1.00000 0.00000 1.00000 0.00990 0.00000 0.00000 0.00000 0.98020 0.00000 0.00000 0.00990 0.00990 0.00990
0.43564 0.46535 0.09901 0.38614 1.00000 0.98020 0.62376 0.21782 0.71287 0.02970 0.02970 0.54455 0.35644 0.27723 0.17822 0.52475 0.19802 0.00000 0.06931 0.99010 0.37624 0.10891 0.53465 0.04950 0.16832
0.98020 0.23762 0.00990 0.01980 0.69307 0.37624 0.89109 0.05941 0.06931 0.24752 0.71287 0.00000 0.00000 0.73267 0.04950 0.69307 0.03960 0.00000 0.00000 0.92079 0.95050 0.67327 0.92079 0.00990 0.22772
0.57426 0.98020 0.21782 0.29703 0.21782 0.65347 0.34653 0.77228 0.13861 0.00990 0.22772 0.00990 0.85149 0.29703 0.00990 0.55446 0.38614 0.06931 0.18812 0.81188 0.68317 0.63366 0.16832 0.39604 0.04950
0.06931 0.35644 0.67327 0.28713 1.00000 0.86139 0.66337 0.07921 0.38614 0.43564 0.10891 0.05941 0.07921 0.31683 0.63366 0.32673 0.64356 0.48515 0.15842 0.04950 0.18812 0.13861 0.20792 0.44554 0.06931
1.00000 0.00000 0.88119 0.10891 0.00990 0.97030 0.00000 0.00000 0.00990 0.00990 0.97030 1.00000 0.98020 0.00000 0.02970 0.01980 0.98020 1.00000 1.00000 0.00000 0.00990 0.00000 0.00000 0.02970 0.00000
0.00000 0.00000 1.00000 1.00000 0.00000 0.00000 0.00000 0.00000 1.00000 1.00000 1.00000 1.00000 1.00000 0.00000 1.00000 0.00000 0.00000 0.00000 0.00000 0.00000 0.00000 0.00000 0.00000 1.00000 0.00000
0.98020 0.99010 1.00000 1.00000 0.00990 0.00000 0.00000 0.00990 0.98020 0.99010 0.00000 0.00000 0.01980 0.00000 0.00000 0.99010 0.01980 0.00000 0.00000 0.02970 0.00000 0.99010 0.00000 0.00990 0.00000
0.72277 0.73267 0.00000 0.00000 0.80198 0.50495 0.13861 0.00990 0.82178 0.24752 0.10891 0.00000 0.12871 0.32673 0.02970 0.51485 0.14851 0.04950 0.38614 0.16832 0.41584 0.54455 0.37624 0.13861 0.10891
0.06931 0.00990 0.70297 0.98020 0.00000 0.68317 0.63366 0.65347 0.31683 0.00990 0.13861 0.00990 0.00990 0.02970 0.14851 0.89109 0.28713 0.10891 0.02970 0.31683 0.01980 0.00000 0.29703 0.01980 0.20792
0.00000 0.28713 0.48515 0.48515 0.55446 0.01980 0.57426 0.36634 0.00000 0.03960 0.00000 0.86139 0.07921 0.39604 0.01980 0.00000 0.27723 0.44554 0.00000 0.01980 0.01980 0.00000 0.01980 0.10891 0.50495
0.00000 1.00000 0.00000 0.00000 0.00000 0.00000 0.05941 0.94059 1.00000 0.99010 0.00000 0.05941 0.94059 0.00000 0.00000 0.00000 0.00000 0.00000 0.00000 0.00000 0.00000 0.00000 0.00000 0.00990 0.00000
1.00000 0.40594 0.00000 0.00000 0.58416 1.00000 0.00000 0.00000 0.00000 0.00000 0.00000 0.00000 0.00000 0.00000 0.00000 0.00000 0.58416 0.41584 0.58416 0.00000 0.00000 0.00000 0.41584 0.00990 0.00000
0.00000 0.43564 0.58416 0.77228 0.58416 0.04950 0.00000 0.00000 0.29703 0.18812 0.35644 0.46535 0.00000 0.00000 0.26733 0.58416 0.36634 0.00000 0.13861 0.00000 0.08911 0.14851 0.31683 0.27723 0.00000
0.81188 0.00000 0.21782 0.78218 0.00000 0.00000 0.96040 0.03960 0.00990 0.00000 0.00000 0.90099 0.14851 0.00000 0.00000 0.00000 0.11881 0.00000 0.00000 1.00000 0.00000 0.17822 0.00000 0.00000 0.01980
