0.71287 1.00000 1.00000 0.85149 0.58416 0.71287 0.49505 0.46535 0.28713 0.00000 0.47525 0.00000 0.00000 0.00000 0.00000 0.28713 0.00000 0.00000 0.00000 0.72277 0.00000 0.56436 0.00000 0.00000 0.28713
0.97030 0.99010 1.00000 0.67327 0.65347 0.00990 0.00000 0.00000 0.49505 0.46535 0.00000 0.70297 0.00990 0.00000 0.00000 0.02970 0.00000 0.00000 0.00000 0.35644 0.00000 0.00000 0.00000 0.00000 0.02970
0.56436 0.74257 0.59406 0.81188 0.66337 0.77228 0.00000 0.00000 0.43564 0.00000 0.00000 0.85149 0.25743 0.00000 0.00000 0.43564 0.00000 0.00000 0.00000 0.00000 0.00000 0.18812 0.00000 0.00000 0.43564
0.00000 0.92079 0.93069 0.04950 0.09901 0.00000 0.00000 0.00000 0.00000 0.00000 0.00000 1.00000 0.07921 0.00000 0.00000 0.00000 0.00000 0.00000 0.00000 0.09901 0.00000 1.00000 0.00000 0.00000 0.00000
0.65347 0.00000 0.00000 0.06931 0.07921 0.00000 0.00000 0.00000 0.05941 0.08911 0.00000 0.19802 0.00000 0.00000 0.00000 0.34653 0.00000 0.00000 0.00000 0.27723 0.00000 1.00000 0.00000 0.00000 0.34653
0.44554 0.00000 0.00000 0.00000 0.00000 0.00000 0.00000 0.00000 0.55446 0.00000 0.00000 0.55446 0.00000 0.00000 0.00000 0.55446 0.00000 0.00000 0.00000 0.55446 0.00000 0.00000 0.00000 0.00000 0.00000
0.00000 0.44554 0.03960 0.00000 0.50495 0.00000 0.00000 0.00000 0.00000 0.00000 0.00000 0.00990 0.00000 0.00000 0.00000 0.00000 0.00000 0.00000 0.00000 0.51485 0.00000 0.00990 0.00000 0.00000 0.00000
0.36634 0.00000 0.00000 0.00000 0.00000 0.00990 0.00000 0.00000 0.63366 0.00000 0.00000 0.62376 0.00000 0.00000 0.00000 0.00000 0.00000 0.00000 0.00000 0.62376 0.00000 0.00000 0.00000 0.00000 0.63366
0.00000 0.00000 0.00000 0.00000 0.00000 0.00000 0.00000 0.00000 0.00000 0.00000 0.00000 0.00000 0.00000 0.00000 0.00000 0.00000 0.00000 0.00000 0.00000 0.00000 0.00000 0.00000 0.00000 0.00000 0.00000
0.00000 0.00000 0.00000 0.00000 0.00000 0.00000 0.00000 0.00000 0.00000 0.00000 0.00000 1.00000 0.00000 0.00000 0.00000 0.00000 0.00000 0.00000 0.00000 0.00000 0.00000 0.00000 0.00000 0.00000 0.00000
0.00000 0.00000 0.08911 0.00000 0.88119 0.00990 0.00000 0.00000 0.00000 0.00000 0.00000 0.01980 0.00000 0.00000 0.00000 0.00000 0.00000 0.00000 0.00000 0.90099 0.00000 0.02970 0.00000 0.00000 0.00000
0.00000 0.00000 0.00000 0.00000 0.00000 0.00000 0.00000 0.00000 0.00000 0.00000 0.00000 1.00000 0.00000 0.00000 0.00000 0.00000 0.00000 0.00000 0.00000 0.00000 0.00000 0.00000 0.00000 0.00000 0.00000
0.07921 0.00000 0.00000 0.00000 0.00000 0.00000 0.00000 0.00000 0.92079 0.00000 0.00000 0.92079 0.00000 0.00000 0.00000 0.92079 0.00000 0.00000 0.00000 0.92079 0.00000 0.00000 0.00000 0.00000 0.92079
0.00000 0.00000 0.00000 0.00000 0.00000 0.00000 0.00000 0.00000 0.00000 0.00000 0.00000 1.00000 0.00000 0.00000 0.00000 0.00000 0.00000 0.00000 0.00000 0.00000 0.00000 0.00000 0.00000 0.00000 0.00000
0.00000 0.00000 0.00000 0.00000 0.00000 0.01980 0.00000 0.00000 0.00000 0.00000 0.00000 0.98020 0.00000 0.00000 0.00000 0.00000 0.00000 0.00000 0.00000 0.98020 0.00000 0.00000 0.00000 0.00000 0.00000
0.00000 0.00000 0.00000 0.00000 0.00000 0.00000 0.00000 0.00000 0.00000 0.00000 0.00000 0.00000 0.00000 0.00000 0.00000 0.00000 0.00000 0.00000 0.00000 0.00000 0.00000 0.00000 0.00000 0.00000 0.00000
0.00000 0.00000 0.00000 0.00000 0.00000 0.00000 0.00000 0.00000 0.00000 0.00000 0.00000 0.00000 0.00000 0.00000 0.00000 0.00000 0.00000 0.00000 0.00000 0.00000 0.00000 0.00000 0.00000 0.00000 0.00000
0.00000 0.00000 0.00000 0.00000 0.00000 0.00000 0.00000 0.00000 0.00000 0.00000 0.00000 0.00000 0.00000 0.00000 0.00000 0.00000 0.00000 0.00000 0.00000 0.00000 0.00000 0.00000 0.00000 0.00000 0.00000
0.00000 0.00000 0.00000 0.02970 0.00000 0.00990 0.00000 0.00000 0.00000 0.00000 0.00000 0.96040 0.00000 0.00000 0.00000 0.00000 0.00000 0.00000 0.00000 0.96040 0.00000 0.97030 0.00000 0.00000 0.00000
0.00000 0.00000 0.00000 0.00000 0.00000 0.00000 0.00000 0.00000 0.00000 0.00000 0.00000 0.00000 0.00000 0.00000 0.00000 0.00000 0.00000 0.00000 0.00000 0.00000 0.00000 0.00000 0.00000 0.00000 0.00000
0.00000 0.00000 0.00000 0.00000 0.00000 0.00000 0.00000 0.00000 0.00000 0.00000 0.00000 0.00000 0.00000 0.00000 0.00000 0.00000 0.00000 0.00000 0.00000 0.00000 0.00000 0.00000 0.00000 0.00000 0.00000
0.00000 0.00000 0.00000 0.00000 0.00000 0.00000 0.00000 0.00000 0.00000 0.00000 0.00000 0.00000 0.00000 0.00000 0.00000 0.00000 0.00000 0.00000 0.00000 0.00000 0.00000 0.00000 0.00000 0.00000 0.00000
0.00000 0.08911 0.05941 0.00000 0.84158 0.00000 0.00000 0.00000 0.00000 0.00000 0.00000 0.00990 0.91089 0.00000 0.00000 0.00000 0.00000 0.00000 0.00000 0.85149 0.00000 0.00990 0.00000 0.00000 0.00000
0.00000 0.00000 0.00000 0.00000 0.00000 0.00000 0.00000 0.00000 0.00000 0.00000 0.00000 0.00000 0.00000 0.00000 0.00000 0.00000 0.00000 0.00000 0.00000 0.00000 0.00000 1.00000 0.00000 0.00000 0.00000
0.00000 0.00000 0.00000 0.00000 0.00000 0.00000 0.00000 0.00000 0.00000 0.00000 0.00000 0.00000 0.00000 0.00000 0.00000 0.00000 0.00000 0.00000 0.00000 0.00000 0.00000 0.00000 0.00000 0.00000 0.00000
