1.00000 1.00000 1.00000 1.00000 1.00000 1.00000 1.00000 1.00000 1.00000 0.95050 1.00000 0.37624 0.11881 0.96040 0.00000 1.00000 0.88119 0.00000 0.00000 0.86139 0.51485 0.60396 0.62376 0.01980 0.00000
0.98020 1.00000 0.71287 1.00000 0.99010 0.29703 0.00000 0.01980 1.00000 0.87129 1.00000 0.85149 1.00000 0.80198 0.00000 0.11881 0.00990 0.98020 0.00990 0.36634 0.00000 0.41584 0.26733 0.00000 0.03960
0.00990 0.91089 0.00990 0.96040 0.57426 0.00000 0.51485 1.00000 0.97030 0.05941 0.50495 0.53465 0.48515 0.04950 0.45545 0.06931 0.38614 0.53465 0.38614 0.44554 0.07921 0.20792 0.10891 0.99010 0.82178
0.00000 1.00000 0.93069 0.03960 0.47525 0.52475 0.00000 0.00000 0.51485 0.52475 0.00000 0.86139 0.82178 0.52475 0.52475 0.00000 0.26733 0.01980 0.96040 0.03960 0.00000 0.07921 0.39604 0.20792 0.29703
0.00000 0.83168 0.00000 0.00000 0.12871 0.00000 0.00000 0.07921 0.83168 1.00000 0.03960 0.56436 0.43564 0.00000 0.00000 0.00000 0.34653 0.00000 0.16832 0.39604 0.00000 0.16832 0.36634 0.00000 0.78218
1.00000 0.00000 1.00000 1.00000 0.00000 1.00000 0.00000 0.00000 0.00000 0.00000 0.00000 0.00000 0.00000 0.46535 0.00000 1.00000 0.00000 0.00000 0.00000 0.00000 0.00000 0.00000 0.00000 0.53465 0.53465
1.00000 0.00000 1.00000 0.00000 0.00000 0.98020 1.00000 0.00000 0.00000 0.00000 0.00000 0.00000 0.00000 0.01980 1.00000 1.00000 0.00000 0.00000 0.01980 0.00000 0.00000 0.00000 0.00000 0.00000 0.00000
1.00000 0.00000 0.36634 0.00000 0.00000 0.62376 0.99010 1.00000 0.25743 0.00000 0.00000 0.13861 0.00990 0.71287 0.00990 0.29703 0.04950 0.00000 0.00990 0.47525 0.00000 0.07921 0.35644 0.48515 0.08911
1.00000 0.78218 0.69307 1.00000 0.19802 0.99010 0.00000 0.00000 0.00000 0.00000 0.01980 0.00000 0.30693 0.00000 0.01980 0.29703 0.00000 0.00000 0.80198 0.01980 0.00000 0.00000 0.21782 0.00000 0.00000
0.00000 0.00000 0.99010 0.00000 1.00000 0.27723 0.00000 0.00000 0.14851 0.00000 1.00000 0.00000 0.00990 0.82178 0.00000 0.82178 0.03960 0.72277 0.00000 0.00000 0.00000 0.12871 0.78218 0.17822 0.90099
1.00000 0.96040 0.55446 0.00000 0.02970 0.40594 0.00000 0.00990 0.00990 0.00000 0.00000 0.12871 0.86139 0.00000 0.00000 0.03960 0.04950 0.04950 0.03960 0.11881 0.00000 0.48515 0.00990 0.01980 0.69307
1.00000 1.00000 0.00000 1.00000 0.00000 0.00000 0.00000 0.00000 0.00000 0.00000 0.00000 0.13861 0.54455 0.00000 0.00000 0.00000 0.13861 0.00000 0.00000 0.15842 0.00000 0.00000 0.56436 0.31683 0.56436
0.00990 0.00990 0.53465 0.98020 0.00000 0.40594 0.00000 0.00000 0.01980 0.00000 0.00000 0.04950 1.00000 0.02970 0.00000 0.04950 0.00000 0.05941 0.05941 0.27723 0.00990 0.73267 0.92079 0.44554 0.62376
0.00000 0.00000 0.88119 0.00000 0.00000 0.94059 0.00000 0.00000 0.00000 0.00000 0.00000 0.00000 0.11881 0.05941 1.00000 0.11881 0.00000 0.00000 0.05941 0.00000 0.00000 0.98020 0.00000 0.00000 0.00000
0.00000 0.99010 0.00000 0.00000 0.99010 0.00000 0.00000 1.00000 0.00000 0.00000 0.00990 0.00000 0.00000 0.00000 1.00000 0.00000 0.00000 0.00000 0.00990 0.00990 0.00000 0.00990 0.00990 0.00000 0.00000
0.00000 1.00000 0.00000 0.92079 0.93069 0.00000 0.00000 0.00000 0.00000 0.00000 0.99010 0.00000 0.00000 0.07921 0.00000 0.00000 0.00000 0.00000 0.07921 0.00000 0.07921 0.07921 0.00000 0.00000 0.00000
0.00000 0.00000 0.00000 0.00000 0.00000 0.00000 0.97030 0.00000 0.00000 0.42574 0.00000 0.00000 0.00000 0.00000 1.00000 0.02970 0.00000 0.00000 0.00000 0.00000 0.00000 0.02970 0.57426 0.54455 0.57426
0.99010 0.00990 0.00000 0.00000 0.00000 0.00000 1.00000 0.00000 0.00000 0.00000 0.99010 0.00000 0.00000 0.00000 0.00000 0.00990 0.00000 0.00000 0.00000 0.00000 0.00000 0.00000 0.00000 0.00990 0.00000
1.00000 0.00000 0.00000 1.00000 0.00000 0.00000 0.00000 1.00000 0.00000 0.00000 0.00000 0.00000 0.00000 0.00000 0.00000 0.00000 0.00000 0.00000 0.00000 0.00000 0.00000 0.00000 0.00000 0.00000 0.00000
1.00000 1.00000 0.00000 0.00000 0.00000 0.00000 0.00000 1.00000 0.00000 0.00000 0.00000 0.00000 0.00000 0.00000 0.00000 0.00000 0.00000 0.00000 0.00000 0.00000 0.00000 0.00000 0.00000 0.00000 0.00000
0.00000 0.00000 0.00000 1.00000 0.00000 0.00000 1.00000 0.00000 0.00000 0.00000 0.00000 0.00000 0.00000 0.00000 0.00000 0.00000 0.00000 0.00000 1.00000 0.00000 0.00000 0.00000 0.00000 0.00000 0.00000
0.00000 0.97030 0.00000 0.00000 0.01980 0.00000 0.00000 0.00000 0.00000 0.00000 0.98020 0.00000 0.00000 0.00000 0.00000 0.00000 0.02970 0.00000 0.00990 0.00990 0.00000 0.00000 0.00000 0.02970 0.00000
1.00000 0.00000 0.00000 0.00000 0.00000 0.00000 0.00000 0.00000 0.00000 0.40594 0.00000 0.00000 0.00000 0.00000 0.00000 0.00000 0.00000 0.00000 0.00000 0.00000 0.00000 0.00000 0.59406 0.59406 0.59406
0.00000 0.00000 0.00000 1.00000 0.00000 0.00000 0.00000 0.00000 0.00000 0.00000 0.00000 0.00000 0.00000 0.00000 0.00000 0.00000 0.00000 0.00000 0.00000 0.00000 0.00000 0.00000 0.00000 0.00000 1.00000
0.00000 0.00000 0.00000 0.00000 0.00000 0.00000 0.00000 1.00000 0.00000 0.00000 0.00000 0.00000 0.00000 0.00000 0.00000 0.00000 0.00000 0.00000 0.00000 0.00000 0.00000 0.00000 0.00000 0.00000 0.00000
