0.91089 0.53465 0.58416 0.78218 0.33663 0.46535 0.00000 0.00990 0.45545 0.54455 0.45545 0.00000 0.00000 0.51485 0.00000 0.26733 0.89109 0.00000 0.31683 0.00000 0.00000 0.34653 0.22772 0.00000 0.14851
0.82178 1.00000 0.13861 0.32673 0.00000 0.41584 0.44554 0.00000 0.70297 0.17822 0.00000 0.00990 0.92079 0.00000 0.96040 0.59406 0.22772 0.37624 1.00000 0.75248 0.01980 0.00000 0.61386 0.23762 0.00000
0.00000 0.94059 0.00000 0.96040 1.00000 0.94059 0.00000 0.00000 0.77228 0.05941 0.05941 0.00000 0.04950 0.98020 0.00000 0.00000 0.95050 0.14851 0.22772 0.73267 0.04950 0.00000 0.12871 0.04950 0.01980
0.99010 0.00990 0.00990 0.45545 0.00000 1.00000 0.00000 0.00000 0.59406 0.39604 0.00000 0.37624 0.01980 0.00000 0.00000 0.00000 0.91089 0.00000 0.00000 0.00000 0.97030 0.57426 0.62376 0.63366 0.00000
0.00000 1.00000 0.00000 0.00000 1.00000 0.00000 0.00000 1.00000 0.00000 0.00000 1.00000 0.00000 0.00000 1.00000 0.00000 0.00000 0.00000 0.00000 0.00000 0.00000 0.00000 0.00000 0.00000 0.00000 0.00000
0.00000 0.00000 0.00000 0.22772 0.50495 0.00000 0.00000 0.89109 0.00000 0.00000 0.00000 1.00000 0.42574 0.48515 0.00990 0.00000 0.77228 0.00000 0.31683 0.02970 0.00000 0.49505 0.22772 0.29703 0.10891
1.00000 1.00000 1.00000 0.00000 0.00000 0.00000 0.00000 0.00000 1.00000 1.00000 0.00000 0.00000 0.00000 0.00000 0.00000 0.00000 0.00000 0.00000 1.00000 0.00000 0.00000 0.00000 0.00000 0.00000 0.00000
0.99010 0.00000 0.00000 0.71287 0.00000 0.00000 0.00000 0.00000 0.00000 0.00990 0.00000 0.00000 1.00000 0.00000 0.00000 0.00000 0.28713 0.00000 1.00000 1.00000 0.00000 0.05941 0.08911 0.00000 0.00000
0.00000 0.99010 0.00000 0.00990 0.00000 0.99010 0.00000 0.00000 0.98020 0.00990 0.00990 0.99010 0.00000 0.00000 0.00000 0.00000 0.00000 0.99010 0.00990 0.00990 0.00000 0.00000 0.00000 0.00000 0.00000
0.00000 0.00000 0.00000 0.00000 1.00000 0.00000 1.00000 0.00000 0.00000 0.00000 0.00000 0.00000 0.00000 1.00000 1.00000 1.00000 0.00000 0.00000 0.00000 0.00000 0.00000 0.00000 0.00000 0.00000 0.00000
0.00000 0.00000 1.00000 0.00000 0.00000 0.00000 0.94059 0.89109 0.00000 0.00000 0.00000 0.00000 0.00000 0.00000 0.10891 0.95050 0.00000 0.00000 0.00000 0.00000 0.00000 0.02970 0.02970 0.05941 0.10891
0.00000 0.96040 0.00000 0.00000 0.00000 0.00000 0.22772 0.60396 0.03960 0.00000 0.60396 0.00000 0.00000 0.00000 0.60396 0.16832 0.00000 0.00000 0.00000 0.00000 0.00000 0.00000 0.39604 0.22772 0.43564
0.00000 0.00000 0.00000 0.00990 0.98020 0.00000 0.00000 0.00000 0.00000 0.00000 0.00000 0.00000 0.99010 0.01980 0.00000 0.00000 0.00000 1.00000 0.00000 0.99010 0.00000 0.00000 0.00990 0.00990 0.00000
1.00000 0.00000 0.00000 0.00000 0.00000 1.00000 0.00000 0.00000 0.00000 1.00000 0.00000 0.00000 0.00000 0.00000 0.00000 0.00000 0.00000 0.00000 0.00000 0.00000 0.00000 0.26733 0.33663 0.00000 0.00000
0.00000 0.00000 0.00000 0.77228 0.12871 0.00000 0.00000 0.00000 0.00000 0.00000 0.00000 0.87129 0.00990 0.87129 0.00000 0.00000 0.31683 0.00000 0.00000 0.86139 0.00000 0.05941 0.13861 0.05941 0.00000
0.54455 0.00000 1.00000 0.00000 0.82178 0.00000 0.00000 0.00000 0.00000 0.37624 0.00000 1.00000 0.02970 0.03960 0.02970 0.00000 0.07921 0.00000 0.36634 0.05941 0.00000 0.08911 0.03960 0.05941 0.13861
0.00000 0.00000 1.00000 0.00000 0.00000 1.00000 0.95050 0.00000 0.00000 0.00000 0.00000 0.00000 0.00000 0.00000 0.01980 0.02970 0.00000 0.00000 0.00000 0.00000 0.00000 0.00000 0.00000 0.00000 0.00000
0.00000 0.00000 0.00000 0.00000 0.00000 0.00000 0.00000 1.00000 0.00000 0.00000 0.00000 1.00000 0.00000 0.00000 0.00000 0.00000 0.00000 0.00000 0.00000 0.00000 0.00000 0.00000 0.00000 0.51485 0.00000
0.00000 0.00000 0.00000 0.00000 0.00000 1.00000 0.78218 0.00000 0.00000 0.00000 0.79208 0.00000 0.00000 0.00000 0.15842 0.15842 0.00000 0.00000 0.00000 0.00000 0.00000 0.00000 0.07921 0.00000 0.20792
0.00000 0.00000 0.00000 0.00000 0.00000 0.00000 0.00990 0.00000 0.00000 0.00000 0.99010 0.00000 0.00000 0.00000 0.00000 0.99010 0.00000 1.00000 0.00000 0.00000 0.00000 0.00000 0.00000 0.00000 0.00990
0.99010 0.76238 0.00990 0.00000 0.00000 0.00000 0.00000 0.00000 0.23762 0.86139 0.00000 0.00000 0.00000 0.00000 0.00000 0.00000 0.00000 0.00000 0.00990 0.00000 0.12871 0.04950 0.00000 0.00000 0.23762
0.00000 0.90099 1.00000 0.00000 0.00000 0.00000 0.00000 0.00000 0.09901 0.00000 0.00000 0.00000 0.00000 0.00000 0.00000 0.00000 0.00000 0.00000 0.00000 0.00000 1.00000 0.00000 0.00000 0.00000 0.09901
0.00000 0.00000 0.00000 0.00000 0.00000 0.00000 1.00000 0.00000 0.00000 0.00000 0.00000 0.00000 0.00000 0.00000 1.00000 1.00000 0.00000 0.00000 0.00000 0.00000 0.00000 0.00000 0.00000 0.00000 0.00000
0.61386 0.00000 1.00000 0.00000 0.00000 0.00000 0.00000 0.00000 0.00000 0.38614 0.00000 0.00000 0.00000 0.00000 0.00000 0.00000 0.00000 0.00000 0.38614 0.00000 0.00000 0.00000 0.00000 0.00000 0.00000
0.00000 0.00000 0.00000 0.00000 0.00000 0.00000 0.00000 0.00000 0.00000 0.00000 0.00000 0.00000 0.88119 0.00000 0.00000 0.00000 0.00000 0.00000 0.05941 0.05941 1.00000 0.00000 0.00000 0.00000 0.00000
