1.00000 1.00000 0.00000 0.00000 0.00000 0.00000 0.00000 0.00000 1.00000 0.00000 0.00000 1.00000 0.46535 0.52475 1.00000 0.00000 0.00000 0.51485 0.00000 0.98020 0.00000 0.00000 0.46535 0.49505 0.05941
0.90099 1.00000 0.09901 0.00000 0.98020 0.09901 0.90099 0.00000 1.00000 0.00000 0.00000 0.00000 0.00000 0.00000 1.00000 0.00000 0.90099 0.00000 0.00000 0.00990 0.09901 0.00000 0.03960 0.04950 0.01980
0.03960 0.00000 0.96040 0.25743 0.00000 0.00000 0.00000 0.00000 0.00000 0.74257 0.19802 0.02970 0.78218 0.00000 0.13861 0.74257 0.00000 0.01980 0.72277 0.00000 0.00000 0.93069 0.04950 0.24752 0.00990
0.00000 0.00000 1.00000 1.00000 0.04950 0.00000 0.95050 0.92079 0.00000 0.00000 0.00000 0.00000 0.46535 0.47525 0.00000 0.02970 0.00000 0.53465 0.00000 0.00000 0.04950 0.00000 0.47525 0.02970 0.51485
1.00000 0.00000 0.00000 0.00000 0.00000 0.00000 0.00000 1.00000 0.00000 1.00000 1.00000 0.00000 0.00000 0.00000 0.00000 0.00000 0.00000 0.00000 0.00000 0.00000 0.95050 0.00000 0.00000 0.00000 0.00990
1.00000 1.00000 1.00000 0.00000 0.00000 0.97030 0.00000 0.00000 0.00000 0.00000 0.00000 0.00000 0.00000 0.00000 0.00000 0.00000 0.02970 0.00000 0.00000 0.00000 0.00000 0.44554 0.02970 0.04950 0.56436
0.00000 0.00000 0.00000 0.00000 0.99010 0.00000 0.00000 1.00000 0.00000 0.99010 0.00000 0.00000 0.00990 0.00000 0.00990 0.00000 0.00000 0.98020 0.00000 0.00000 0.00000 0.00000 0.01980 0.01980 0.00000
1.00000 0.00000 0.00000 0.00000 0.00000 0.96040 0.00000 0.00000 0.96040 0.99010 0.00000 0.00000 0.00000 0.00000 1.00000 0.00000 0.03960 0.03960 0.00000 0.00000 0.00000 0.00990 0.02970 0.00000 0.05941
0.00000 1.00000 1.00000 0.00000 0.00000 0.00990 0.00000 0.00000 0.00000 0.00000 0.00000 0.00000 0.00000 0.00000 0.00000 0.00000 0.99010 0.00000 0.00000 0.00000 0.00000 0.44554 0.04950 0.02970 0.55446
0.01980 0.98020 0.00000 0.00000 0.00000 0.00000 0.00000 0.00000 0.00000 0.00000 0.98020 0.98020 0.00000 0.00000 0.00000 0.99010 0.00000 0.00000 0.00000 0.01980 0.00000 0.00000 0.00990 0.01980 0.01980
0.00000 0.00000 0.00000 1.00000 0.00000 1.00000 0.00000 0.00000 0.00000 0.99010 0.00000 0.00000 0.00000 0.00000 0.00000 0.00000 1.00000 0.00000 0.00000 0.00000 0.00000 0.00000 0.01980 0.02970 0.02970
0.00000 0.00000 0.00000 1.00000 0.00000 0.00000 1.00000 0.00000 0.00000 0.00000 0.00000 0.00000 0.00000 0.00000 0.00000 0.99010 0.00000 0.00000 0.00000 0.00000 0.99010 0.00000 0.00990 0.01980 0.02970
1.00000 1.00000 1.00000 0.00000 0.00000 0.00000 0.00000 1.00000 0.00000 0.00000 0.00000 0.00000 0.00000 0.00000 0.00000 0.00000 0.00000 0.00000 0.00000 0.00000 0.00000 0.00000 0.00000 0.01980 0.07921
1.00000 0.26733 0.73267 0.00000 0.00000 0.00000 0.00000 0.00000 0.66337 0.00000 0.73267 0.00000 0.26733 0.00000 0.06931 0.00000 0.00000 0.00000 0.00000 0.00000 0.00990 0.00000 0.00990 0.02970 0.00990
0.00000 1.00000 0.00000 1.00000 1.00000 0.00000 0.00000 1.00000 0.00000 0.00000 0.00000 0.00000 0.00000 0.00000 0.00000 0.00000 0.00000 0.00000 0.00000 0.00000 0.00000 0.00000 0.00990 0.00990 0.01980
0.00000 0.00000 0.00000 0.00000 0.00000 1.00000 0.00000 0.00000 0.00000 0.00000 1.00000 0.00000 0.96040 0.00000 0.00000 0.00000 0.00000 0.96040 0.00000 0.00000 0.00000 0.00000 0.01980 0.05941 0.03960
0.00000 0.00000 0.00000 0.00000 1.00000 0.00000 0.00000 0.00000 0.00000 0.00000 0.00000 0.00000 0.00000 1.00000 0.00000 0.00000 0.00000 0.00000 0.00000 0.00000 0.00000 0.00000 0.04950 0.02970 0.00990
0.00000 0.00000 0.00000 0.00000 0.00000 0.00000 0.00000 0.00000 0.01980 0.00000 0.00000 0.03960 0.00000 0.00000 0.98020 0.00990 0.00000 0.00000 0.00990 0.96040 0.00000 0.00000 0.01980 0.01980 0.94059
0.00000 0.00000 0.00000 1.00000 0.00000 0.00000 0.00000 0.00000 0.00000 0.00000 0.00000 0.00000 0.00000 0.99010 0.00000 0.97030 0.00000 0.00000 0.00000 0.00000 0.00000 0.00000 0.00990 0.03960 0.05941
0.00000 0.00000 0.00000 0.00000 0.00000 1.00000 1.00000 0.00000 0.00000 0.00000 0.00000 0.00000 0.00000 0.00000 0.00000 0.00000 1.00000 0.00000 0.00000 0.00000 0.00000 0.00000 0.02970 0.00000 0.00990
0.00000 0.00000 0.00000 1.00000 0.00000 0.00000 0.00000 0.00000 0.00000 0.00000 0.00000 0.97030 0.00000 0.00000 0.00000 0.00000 0.00000 0.00000 0.00990 0.02970 0.00000 0.00000 0.02970 0.00000 0.95050
0.00000 0.00000 0.00000 0.00000 0.98020 0.00000 1.00000 0.00000 0.00000 0.00000 0.00000 0.00000 0.00000 0.00000 0.00000 0.00000 0.00000 0.00000 0.00000 0.00000 0.96040 0.00000 0.02970 0.05941 0.00990
0.00000 0.00000 0.00000 0.00000 0.00000 0.00000 0.00000 0.00000 0.92079 0.00000 0.00000 0.00000 0.98020 0.00000 0.07921 0.00000 0.00000 0.99010 0.00000 0.00000 0.00000 0.00000 0.01980 0.00990 0.04950
0.99010 0.00000 1.00000 0.00000 0.00000 0.00000 0.00000 0.00000 0.00990 0.00000 0.00000 0.00000 0.00000 0.00000 0.00000 0.00000 0.00000 0.00000 0.00000 0.00000 0.00000 0.00000 0.01980 0.02970 0.01980
0.00000 0.00000 0.00000 0.00000 0.00000 0.00000 0.00000 0.00000 0.00000 0.00000 0.00000 1.00000 0.00000 0.00000 0.00000 0.00000 0.00000 0.00000 0.00000 0.96040 0.00000 0.00000 0.00990 0.02970 0.00990
