1.00000 0.00000 0.00000 0.00000 0.00000 0.00000 1.00000 0.00000 0.00000 0.00000 0.00000 0.00000 0.00000 0.96040 0.00000 0.00000 0.00000 1.00000 0.00000 0.00000 0.00000 0.00000 0.99010 0.00000 0.00000
0.00000 0.00000 0.00000 0.00000 0.00000 0.00000 0.91089 0.97030 0.00000 0.00000 0.81188 1.00000 0.01980 0.01980 0.00000 0.00000 0.00000 0.02970 0.00000 0.00990 0.00000 0.18812 0.00000 0.00990 0.99010
0.01980 0.90099 0.00000 0.97030 1.00000 0.00990 0.00000 0.00000 0.12871 0.04950 0.00990 0.00000 0.87129 0.02970 0.00000 0.01980 0.00000 0.00990 0.90099 0.00000 0.00000 0.00000 0.00000 0.00000 0.00000
1.00000 0.00000 0.00000 0.00000 0.00000 0.00000 0.00000 0.00990 0.00000 0.85149 0.86139 0.00000 1.00000 0.00000 0.00000 0.14851 0.00000 0.98020 0.00000 0.00000 0.00000 0.09901 0.00990 0.00990 0.01980
0.99010 0.00000 0.01980 0.69307 0.00000 1.00000 0.00000 0.00000 0.00000 0.01980 0.00000 0.00000 0.00000 0.00000 0.96040 0.00000 0.00000 0.00000 0.30693 0.00000 0.00000 0.00000 0.00000 0.81188 0.00000
0.00000 1.00000 0.00000 0.00000 0.99010 0.99010 0.00000 0.98020 0.00000 0.00000 0.00000 0.01980 0.00000 0.95050 0.00990 0.00000 0.00000 0.03960 0.00000 0.00000 0.00000 0.00990 0.00000 0.00000 0.00000
0.00000 0.00000 0.00000 0.00000 0.00000 0.00000 0.00000 1.00000 1.00000 0.00000 0.00000 0.96040 0.99010 0.00000 0.00000 0.00000 0.97030 0.00000 0.00000 0.00000 0.00000 0.00000 0.00000 0.00000 0.02970
0.00000 0.00000 0.04950 1.00000 0.00990 0.00000 0.00990 0.00000 0.95050 0.00000 0.00000 0.99010 0.00000 0.00000 0.00000 0.00000 0.01980 0.00000 0.97030 0.00000 0.95050 0.00000 0.00000 0.00000 0.00000
0.00000 0.00000 1.00000 0.00000 0.00000 0.00000 0.00000 0.00000 0.99010 0.91089 0.00000 0.00000 1.00000 0.00000 0.00000 0.08911 0.00000 0.00000 0.00990 0.00000 0.00000 0.00000 0.00000 0.99010 0.00000
0.00000 0.00000 1.00000 1.00000 0.00000 0.00000 0.00000 0.00000 1.00000 0.00000 0.00000 0.00000 0.00000 0.00000 0.96040 0.00000 0.00000 0.00000 0.99010 0.00000 0.00000 0.00000 0.00000 0.00000 0.00000
0.93069 0.00000 0.00000 0.00000 0.00000 0.04950 0.02970 0.96040 0.00000 0.00000 1.00000 0.00000 1.00000 0.00000 0.00990 0.00000 0.02970 0.00000 0.00000 0.00000 0.00000 0.93069 0.01980 0.00000 0.00000
0.00000 0.00000 0.00000 0.33663 0.00000 0.00000 1.00000 0.00000 0.01980 0.99010 0.00000 0.00000 0.00000 0.00000 0.00000 0.80198 0.00000 0.00000 0.63366 0.00000 0.00000 0.00000 0.00000 0.79208 0.00000
0.00000 0.00000 0.00000 0.00000 0.00000 0.00000 1.00000 0.00000 0.00000 0.00000 0.10891 0.00000 0.00000 0.00000 0.00990 0.00000 0.00000 0.03960 0.00000 0.99010 0.98020 0.87129 0.95050 0.00000 0.00990
0.00000 0.00000 0.00000 0.00000 0.00000 0.00000 0.00000 0.02970 0.00000 0.00000 0.97030 0.00000 0.00990 0.00000 0.00000 0.01980 0.95050 0.00000 0.00000 0.00000 0.00000 0.97030 0.00000 0.00000 0.97030
0.06931 0.00000 0.00000 0.00000 0.00000 0.93069 0.00000 0.00000 0.00000 0.08911 0.90099 0.00000 0.00000 0.00000 0.00000 0.90099 0.00000 0.00000 0.00000 0.00000 0.00000 0.99010 0.00000 0.00000 0.08911
0.00000 0.00990 0.00000 0.00000 0.00990 0.00000 1.00000 0.00000 0.00000 0.00000 0.00000 1.00000 0.00000 0.98020 0.00000 0.00000 0.00000 0.00000 0.00000 0.95050 0.00000 0.00000 0.00000 0.00000 0.00000
0.00000 0.00000 0.00000 0.00000 0.00000 0.00000 0.00000 0.00000 0.00000 1.00000 0.00000 0.00000 0.00000 0.00000 0.00000 0.98020 0.99010 0.00000 0.00000 0.00000 0.99010 0.00000 0.00000 0.00000 0.00000
0.03960 0.00000 0.00000 0.00000 0.00000 0.00000 0.00000 0.88119 0.00000 0.00000 0.06931 0.00000 0.00000 0.10891 0.00000 0.00000 0.99010 0.89109 0.00000 0.00000 0.00000 0.00000 0.94059 0.00000 0.00000
0.00000 0.00990 0.92079 0.00990 0.98020 0.00000 0.00000 0.00000 0.04950 0.00000 0.00000 0.00000 0.00000 0.00000 0.99010 0.00000 0.00000 0.00000 0.00990 0.06931 0.92079 0.00000 0.00000 0.00990 0.00000
0.00000 0.99010 0.00000 0.71287 0.00990 0.00000 0.00000 0.00000 0.00000 0.96040 0.00000 0.00000 0.00000 0.00000 0.01980 0.94059 0.00000 0.00000 0.26733 0.00000 0.00000 0.00990 0.00000 0.00000 0.00000
0.00000 0.00990 0.95050 0.00000 0.00000 0.96040 0.00000 0.00000 0.00990 0.00000 0.00000 0.00000 0.00000 0.00000 0.03960 0.00000 0.00000 0.00000 0.00000 0.99010 0.00000 0.00000 0.00000 0.00000 0.99010
1.00000 0.00000 0.00000 0.00000 0.00000 1.00000 0.00000 0.00000 0.00000 0.00000 0.00000 0.00000 0.00000 0.00000 0.99010 0.00000 0.00000 0.00990 0.00000 0.00000 0.00000 0.00990 0.95050 0.00990 0.00000
0.00000 0.99010 1.00000 0.00000 0.00990 0.00000 0.00000 0.00000 1.00000 0.00000 0.00000 0.00000 0.00000 0.00000 0.00000 0.00000 0.00000 0.00000 0.00000 0.99010 0.00000 0.00000 0.00000 0.00000 0.00000
0.00000 0.00990 0.00000 0.00000 0.99010 0.00000 0.00000 0.00000 0.00000 0.00000 0.00000 1.00000 0.00000 0.00000 0.00000 0.00000 0.00000 0.00000 0.00000 0.00000 0.00000 0.00000 0.00000 1.00000 1.00000
0.00000 1.00000 0.00000 0.00000 1.00000 0.00000 0.00000 0.00000 0.00000 0.00990 0.00000 0.00000 0.00000 0.98020 0.00000 0.00000 0.00000 0.97030 0.00000 0.00000 0.00000 0.00000 0.01980 0.00000 0.00000
