1.00000 1.00000 1.00000 1.00000 1.00000 1.00000 1.00000 0.99010 0.52475 1.00000 0.96040 0.37624 0.46535 0.68317 0.68317 0.04950 0.00000 0.52475 0.01980 0.00000 0.00000 0.00000 0.00000 0.00000 0.00990
0.98020 0.97030 0.98020 1.00000 0.95050 1.00000 1.00000 0.09901 0.07921 0.98020 1.00000 0.92079 0.11881 0.92079 0.03960 0.00990 0.94059 0.94059 0.01980 0.00000 0.04950 0.01980 0.01980 0.00000 0.10891
0.15842 1.00000 1.00000 0.98020 0.83168 0.25743 0.01980 1.00000 0.30693 0.34653 0.85149 0.42574 0.99010 0.24752 0.37624 0.05941 0.45545 0.43564 0.00000 0.02970 0.00000 0.00000 0.00000 0.00000 0.55446
0.97030 0.96040 1.00000 1.00000 1.00000 0.00990 0.44554 0.89109 0.46535 0.00000 0.53465 0.00000 0.05941 0.09901 0.60396 0.22772 0.00990 0.12871 0.27723 0.06931 0.06931 0.00000 0.02970 0.00000 0.14851
1.00000 0.99010 0.02970 1.00000 0.47525 0.40594 0.00990 0.49505 0.77228 0.83168 0.00990 0.19802 0.32673 0.00000 0.70297 0.00000 0.68317 0.00990 0.00000 0.50495 0.00990 0.00000 0.00000 0.00000 0.07921
0.00000 0.62376 0.89109 0.99010 0.37624 0.62376 0.90099 0.12871 0.13861 0.07921 0.04950 0.33663 0.21782 0.29703 0.73267 0.02970 0.16832 0.00990 0.02970 0.11881 0.37624 0.10891 0.00000 0.00000 0.79208
0.96040 0.99010 0.81188 1.00000 1.00000 0.03960 0.00990 0.18812 0.00000 0.00000 0.01980 0.00000 0.00000 0.00000 0.00000 0.00000 0.03960 0.05941 0.00000 0.00000 0.04950 0.18812 0.03960 0.00000 0.00000
0.91089 0.92079 0.04950 0.13861 0.74257 0.86139 0.87129 0.24752 0.01980 0.05941 0.00000 0.08911 0.16832 0.00000 0.31683 0.04950 0.00000 0.13861 0.08911 0.23762 0.16832 0.00000 0.08911 0.00000 0.49505
0.25743 0.17822 0.99010 0.02970 0.54455 0.34653 0.04950 0.23762 0.00990 0.02970 0.58416 0.24752 0.36634 0.04950 0.66337 0.00000 0.18812 0.49505 0.17822 0.00990 0.56436 0.00990 0.74257 0.00000 0.64356
1.00000 0.94059 0.00000 0.99010 1.00000 0.00000 0.02970 0.00000 0.00000 0.00000 0.00000 0.00990 0.04950 0.00000 0.00000 0.00000 0.00990 0.03960 0.00000 0.06931 0.05941 0.00000 0.00000 0.00000 0.00000
0.00000 0.89109 1.00000 0.00990 0.99010 0.00990 0.07921 0.51485 0.00000 0.00000 0.24752 0.00990 0.08911 0.36634 0.00990 0.00000 0.01980 0.00990 0.00000 0.10891 0.10891 0.00000 0.00000 0.00000 0.10891
0.93069 0.63366 0.00000 0.03960 0.36634 0.00990 0.00000 0.00000 0.33663 0.00000 0.03960 0.45545 0.51485 0.01980 0.03960 0.00000 0.22772 0.00000 0.00990 0.02970 0.40594 0.00000 0.06931 0.00000 0.00000
1.00000 0.77228 0.00000 0.00000 0.21782 0.00000 0.00990 0.00000 0.06931 0.00000 0.00000 0.00000 0.03960 0.00000 0.00000 0.00000 0.06931 0.07921 0.00000 0.00990 0.00000 0.00000 0.00000 0.00000 0.00000
0.94059 0.00990 0.00000 0.00000 0.01980 0.00000 0.00000 0.06931 0.01980 0.00000 0.85149 0.02970 0.03960 0.01980 0.02970 0.00000 0.00000 0.00000 0.00000 0.02970 0.04950 0.00000 0.05941 0.00000 0.85149
0.98020 0.00990 0.00000 0.98020 0.00000 0.00000 0.00000 0.00000 0.00000 0.00000 0.00990 0.00990 0.00990 0.00000 0.00000 0.00000 0.00000 0.00990 0.00990 0.02970 0.00990 0.00000 0.01980 0.00000 0.00990
1.00000 0.00000 0.00000 0.00000 0.00000 0.00000 0.00000 0.00000 0.00000 0.00000 0.00000 0.00000 0.00000 0.00000 0.00000 0.00000 0.00000 0.00000 0.00000 0.00000 0.00000 0.00000 0.00000 0.00000 0.00000
0.00000 0.00000 0.68317 0.00000 0.00000 0.99010 0.00000 0.31683 0.00000 0.00000 0.00000 0.00000 0.00000 0.00000 0.00990 0.00000 0.00000 0.14851 0.00000 0.31683 0.00000 0.31683 0.00000 0.00000 0.00000
0.00000 0.00000 0.78218 0.00000 0.00000 0.00000 0.00000 0.21782 0.00000 0.00000 0.00000 0.00000 0.00000 0.00000 0.00000 0.00000 0.00000 0.08911 0.00000 0.21782 0.00000 0.00000 0.00000 0.00000 0.00000
0.00000 0.00000 0.62376 0.00000 0.00000 0.00000 0.00000 0.37624 0.00000 0.00000 0.00000 0.00000 0.00000 0.00000 0.00000 0.00000 0.00000 0.24752 0.00000 0.37624 0.00000 0.37624 0.00000 0.00000 0.00000
0.00000 0.00990 0.00000 0.97030 0.00000 0.00000 0.00000 0.00000 0.00000 0.00000 0.00000 0.00000 0.01980 0.00000 0.00000 0.00000 0.00000 0.01980 0.00000 0.01980 0.00000 0.00000 0.00000 0.00000 0.00000
0.00000 0.00000 0.00000 0.00000 0.00000 0.00000 0.83168 0.00000 0.00000 0.00000 0.00000 0.00000 0.00000 0.00000 0.16832 0.00000 0.00000 0.03960 0.00000 0.00000 0.00000 0.00000 0.00000 0.00000 0.00000
0.00000 0.35644 0.00000 0.00990 0.61386 0.00000 0.01980 0.00000 0.07921 0.00000 0.00000 0.00000 0.19802 0.00000 0.00000 0.00000 0.22772 0.23762 0.00000 0.01980 0.64356 0.00000 0.00000 0.00000 0.00000
0.00000 0.00000 0.00000 0.00000 0.00000 0.00000 0.00000 0.00000 0.00000 0.44554 0.00000 0.55446 0.00000 0.00000 0.00000 0.00000 0.00000 0.00000 0.00000 0.00000 0.00000 0.00000 0.00000 0.00000 0.00000
0.00000 0.00000 0.00000 0.00000 0.00000 0.00000 0.00000 0.00000 0.00000 0.00000 0.00000 0.00000 0.00000 0.00000 0.00000 0.56436 0.00000 0.00000 0.00000 0.00000 0.00000 0.00000 0.00000 0.00000 0.43564
0.00000 0.00000 0.00000 0.00000 0.00000 0.00000 0.00000 0.00000 0.00000 0.00000 0.00000 0.00000 0.00000 0.00000 0.00000 0.00000 0.00000 0.00000 0.00000 0.00000 0.00000 0.00000 0.00000 0.00000 0.00000
