1.00000 0.20792 1.00000 0.75248 1.00000 1.00000 0.07921 1.00000 0.15842 1.00000 0.92079 0.81188 0.93069 0.11881 0.93069 0.16832 1.00000 0.01980 0.90099 0.85149 0.13861 0.94059 0.05941 0.36634 0.00000
1.00000 1.00000 0.92079 0.66337 0.98020 1.00000 0.88119 0.07921 0.52475 0.95050 1.00000 1.00000 0.93069 0.81188 0.53465 0.36634 0.00000 0.01980 0.00000 0.00000 0.16832 0.12871 0.21782 0.01980 0.48515
1.00000 1.00000 1.00000 0.86139 1.00000 0.12871 1.00000 0.15842 0.00990 1.00000 0.00000 0.13861 0.91089 0.99010 0.84158 0.02970 0.77228 0.83168 0.13861 0.94059 1.00000 0.46535 0.04950 0.00990 0.43564
1.00000 1.00000 1.00000 1.00000 1.00000 0.00000 1.00000 1.00000 0.00000 0.00000 1.00000 1.00000 1.00000 0.00000 0.00000 1.00000 0.00000 1.00000 0.00000 0.00000 0.99010 0.00000 0.00000 0.00000 0.01980
0.94059 1.00000 0.90099 0.87129 0.98020 1.00000 0.24752 0.02970 0.12871 0.80198 0.98020 0.03960 0.84158 0.76238 0.95050 0.16832 0.09901 0.11881 0.84158 0.05941 0.15842 0.24752 0.22772 0.24752 0.17822
1.00000 1.00000 1.00000 0.83168 0.89109 0.18812 1.00000 0.98020 1.00000 0.92079 0.06931 0.01980 0.00990 0.00000 0.04950 0.00000 0.98020 0.24752 0.03960 0.74257 0.05941 0.10891 0.00000 0.00000 0.22772
1.00000 1.00000 1.00000 1.00000 0.99010 0.96040 1.00000 0.81188 1.00000 0.00990 0.00990 0.07921 0.00990 0.29703 0.42574 0.10891 0.10891 0.77228 0.23762 0.07921 0.23762 0.00000 0.00000 0.11881 0.37624
0.91089 1.00000 0.10891 0.85149 0.61386 0.59406 0.99010 0.01980 0.21782 0.37624 0.42574 0.65347 0.44554 0.65347 0.93069 0.13861 0.00990 0.52475 0.00990 0.00000 0.39604 0.10891 0.31683 0.03960 0.01980
0.84158 0.01980 0.14851 0.98020 0.99010 1.00000 0.85149 0.84158 0.15842 0.00000 1.00000 0.00000 0.98020 0.13861 0.00000 1.00000 0.14851 0.02970 0.84158 0.01980 0.16832 0.00000 0.00990 0.01980 0.03960
1.00000 1.00000 0.01980 0.98020 0.00000 1.00000 0.00000 0.00000 1.00000 1.00000 0.00000 0.98020 0.01980 0.43564 0.53465 0.00000 0.00000 0.00000 0.00000 0.00000 0.00990 0.00000 0.00000 0.01980 0.53465
0.02970 1.00000 0.99010 0.91089 0.98020 0.00990 0.08911 1.00000 0.97030 0.00000 0.00000 0.00000 0.02970 0.07921 0.00000 0.07921 0.00000 0.85149 0.87129 0.00000 0.03960 0.00000 0.08911 0.00000 0.02970
0.98020 1.00000 0.00000 0.50495 0.67327 0.95050 0.56436 0.14851 0.99010 0.00990 0.59406 0.00000 0.00990 0.02970 0.21782 0.35644 0.11881 0.13861 0.54455 0.00990 0.01980 0.00990 0.35644 0.00000 0.08911
0.62376 0.00990 0.82178 0.34653 0.48515 0.47525 0.04950 0.94059 0.13861 0.12871 0.83168 0.02970 0.02970 0.01980 0.00990 0.04950 0.50495 0.00990 0.11881 0.48515 0.07921 0.40594 0.27723 0.28713 0.25743
0.60396 0.55446 0.97030 0.43564 0.01980 0.36634 0.41584 1.00000 0.87129 0.07921 0.03960 0.43564 0.00000 0.00000 0.00000 0.61386 0.00000 0.05941 0.11881 0.00000 0.15842 0.17822 0.53465 0.04950 0.26733
0.14851 0.99010 0.03960 0.00990 0.67327 0.00000 0.02970 0.79208 0.00000 0.07921 0.14851 0.28713 0.26733 0.03960 0.20792 0.73267 0.04950 0.23762 0.19802 0.89109 0.45545 0.24752 0.27723 0.37624 0.49505
0.83168 0.99010 1.00000 0.01980 0.02970 0.00000 0.02970 0.00990 0.08911 0.84158 0.00000 0.93069 0.02970 0.00000 0.16832 0.00990 0.02970 0.00000 0.05941 0.13861 0.10891 0.39604 0.12871 0.06931 0.48515
0.41584 0.00000 0.00000 0.86139 0.03960 0.67327 0.59406 0.00000 0.96040 0.54455 0.00000 0.00000 0.00000 0.20792 0.20792 0.26733 0.00000 0.08911 0.04950 0.00990 0.00000 0.03960 0.17822 0.07921 0.11881
0.00000 0.71287 0.00000 0.73267 0.00000 0.73267 0.20792 0.04950 0.29703 0.00000 0.29703 0.25743 0.84158 0.13861 0.16832 0.66337 0.00990 0.05941 0.28713 0.00000 0.12871 0.00000 0.05941 0.00000 0.01980
0.78218 1.00000 0.80198 0.44554 0.19802 0.11881 0.84158 0.19802 0.41584 0.17822 0.01980 0.00000 0.00000 0.03960 0.08911 0.16832 0.00000 0.13861 0.20792 0.00000 0.43564 0.08911 0.01980 0.00000 0.05941
0.96040 0.00000 0.01980 0.00000 1.00000 0.00000 0.98020 0.00990 0.02970 0.00000 1.00000 0.00000 0.00000 0.00000 0.00990 0.00000 0.00000 0.00000 0.00990 0.00000 0.02970 0.00000 0.00000 0.00000 0.01980
0.01980 0.98020 1.00000 0.00000 0.00000 0.00000 0.00000 0.98020 0.00000 0.00000 0.00000 0.99010 0.00000 0.00000 0.00000 0.00990 0.00000 0.01980 0.00000 0.00000 0.00000 0.00000 0.00990 0.00000 0.00000
0.70297 0.01980 0.97030 0.01980 0.65347 0.00000 0.32673 0.00990 0.28713 0.64356 0.22772 0.00000 0.00990 0.00000 0.32673 0.00990 0.14851 0.00990 0.14851 0.06931 0.00990 0.22772 0.00990 0.02970 0.12871
0.96040 1.00000 0.00000 0.00000 0.03960 0.00000 0.00000 0.00000 1.00000 0.00000 0.00000 0.00000 0.00000 0.00000 0.00000 0.00000 0.00000 0.00000 0.00000 0.00000 0.00000 0.00000 0.01980 0.00000 0.00000
0.00990 0.99010 0.00000 0.00000 0.00000 0.00000 0.00000 0.00000 0.00000 0.00000 0.99010 0.00000 0.00990 0.00000 0.00000 0.00000 0.00000 0.00000 0.00000 0.00000 0.00000 0.00000 0.00000 0.00000 0.00000
0.00000 0.00000 1.00000 0.00000 0.00000 0.00000 0.00000 0.00000 0.00000 0.00000 0.00000 0.00000 0.00000 0.00000 0.00000 0.00000 0.00000 0.00000 0.00000 0.00000 0.00000 0.00000 0.00000 0.00000 0.00990
