# File created on Thu Jul  8 14:40:07 2021
1 1 1 1 1 1 1 1 1 0 1 0 0 0 0 1 1 1 1 1 1 0 1 1 1 
1 1 1 1 1 1 1 1 1 1 0 0 1 1 0 1 1 1 1 1 1 0 1 0 1 
1 1 1 1 1 1 1 0 1 0 0 1 1 1 0 1 0 1 1 1 1 0 1 1 1 
1 1 1 1 1 1 1 1 1 0 0 1 1 1 0 0 1 1 1 1 1 0 1 1 1 
1 1 1 1 0 1 1 1 1 0 0 1 1 0 0 1 1 1 0 1 1 0 1 1 1 
1 0 1 1 1 1 1 1 0 0 0 0 0 0 0 1 0 0 1 0 1 0 1 1 0 
1 1 1 1 0 0 1 0 1 0 0 0 0 0 0 1 1 1 1 0 1 0 0 1 0 
1 1 1 1 0 1 1 0 1 0 0 0 0 1 0 1 1 1 1 0 1 0 0 0 1 
1 1 1 0 0 0 0 1 0 0 1 0 1 1 0 1 1 0 1 0 1 0 1 0 1 
1 1 1 1 0 0 1 0 0 0 0 0 1 0 0 0 0 1 0 0 1 0 0 1 1 
1 0 1 1 0 0 1 0 0 0 0 0 0 0 0 1 1 0 1 1 1 0 0 0 0 
1 0 1 0 0 0 0 0 0 0 0 0 0 0 0 0 0 0 0 1 0 0 1 0 0 
0 1 0 0 0 0 1 0 0 0 0 0 0 0 0 1 1 0 1 0 0 0 0 0 1 
0 1 0 0 0 0 1 0 0 0 0 0 1 0 0 1 1 1 1 0 0 0 0 0 1 
0 0 0 0 1 0 0 0 0 0 0 0 0 1 0 1 0 0 0 1 0 0 0 1 0 
0 0 0 0 0 0 0 0 0 0 0 0 0 0 0 0 1 0 0 0 0 0 0 0 0 
0 0 0 0 0 0 0 1 0 0 0 0 0 0 0 0 0 0 0 1 0 0 0 1 0 
0 0 0 0 0 1 0 0 0 0 0 0 0 1 0 0 1 0 0 0 0 0 0 1 0 
1 0 0 0 0 0 0 0 1 0 0 0 0 0 0 1 1 0 1 1 1 0 1 1 1 
0 0 0 0 0 0 0 0 0 1 0 0 0 1 0 0 0 0 0 0 0 0 0 0 0 
0 0 0 0 0 0 0 0 0 0 0 0 1 1 0 0 0 0 0 0 0 0 0 0 0 
0 0 1 0 0 0 0 0 1 0 0 0 0 0 0 1 1 0 1 0 0 0 0 1 1 
0 0 0 1 0 0 0 0 0 0 0 0 0 1 0 1 1 0 1 1 0 0 1 1 0 
0 0 0 0 0 0 0 0 0 0 0 0 0 0 0 0 0 0 0 0 0 0 0 0 0 
0 0 0 0 0 0 0 0 0 0 0 0 0 0 0 0 0 0 0 0 0 0 0 0 0 