# created 2024-03-25 16:06:54 with binary optimized matrices with seeds [0, 1, 2, 3, 4, 5, 6, 7, 8, 9, 10, 11, 12, 13, 14, 15, 16, 17, 18, 19, 20, 21, 22, 23, 24, 25, 26, 27, 28, 29, 30, 31, 32, 33, 34, 35, 36, 37, 38, 39, 40, 41, 42, 43, 44, 45, 46, 47, 48, 49] for matrix RandTrix_Nr25_Nc25_Nest0.35_Conn0.272
1.00000 1.00000 1.00000 1.00000 1.00000 1.00000 1.00000 1.00000 1.00000 1.00000 1.00000 1.00000 1.00000 1.00000 1.00000 1.00000 1.00000 1.00000 1.00000 1.00000 1.00000 1.00000 0.96000 0.98000 0.98000
1.00000 1.00000 1.00000 1.00000 1.00000 1.00000 1.00000 1.00000 1.00000 1.00000 1.00000 1.00000 1.00000 1.00000 1.00000 1.00000 1.00000 1.00000 1.00000 1.00000 1.00000 1.00000 1.00000 1.00000 1.00000
1.00000 1.00000 1.00000 1.00000 1.00000 1.00000 1.00000 1.00000 1.00000 1.00000 1.00000 1.00000 1.00000 1.00000 1.00000 1.00000 1.00000 1.00000 1.00000 1.00000 1.00000 1.00000 1.00000 1.00000 0.96000
1.00000 1.00000 1.00000 1.00000 1.00000 1.00000 1.00000 1.00000 1.00000 1.00000 1.00000 1.00000 1.00000 1.00000 1.00000 1.00000 1.00000 1.00000 1.00000 1.00000 0.98000 1.00000 1.00000 1.00000 1.00000
1.00000 1.00000 1.00000 1.00000 1.00000 1.00000 1.00000 1.00000 1.00000 1.00000 1.00000 1.00000 1.00000 1.00000 1.00000 1.00000 1.00000 1.00000 1.00000 1.00000 1.00000 1.00000 1.00000 0.98000 1.00000
1.00000 1.00000 1.00000 1.00000 1.00000 1.00000 1.00000 1.00000 1.00000 1.00000 1.00000 1.00000 1.00000 1.00000 1.00000 1.00000 1.00000 1.00000 1.00000 1.00000 1.00000 1.00000 1.00000 1.00000 1.00000
1.00000 1.00000 1.00000 1.00000 1.00000 1.00000 1.00000 1.00000 1.00000 1.00000 1.00000 1.00000 1.00000 1.00000 1.00000 1.00000 1.00000 1.00000 1.00000 1.00000 1.00000 1.00000 1.00000 1.00000 0.50000
1.00000 1.00000 1.00000 1.00000 1.00000 1.00000 1.00000 1.00000 1.00000 1.00000 1.00000 1.00000 1.00000 1.00000 0.98000 1.00000 1.00000 1.00000 1.00000 1.00000 1.00000 1.00000 1.00000 1.00000 0.90000
1.00000 1.00000 1.00000 1.00000 1.00000 1.00000 1.00000 1.00000 1.00000 1.00000 1.00000 1.00000 1.00000 1.00000 1.00000 1.00000 1.00000 1.00000 1.00000 0.98000 1.00000 1.00000 1.00000 1.00000 0.94000
1.00000 1.00000 1.00000 1.00000 1.00000 1.00000 1.00000 1.00000 1.00000 1.00000 1.00000 1.00000 1.00000 1.00000 1.00000 1.00000 1.00000 1.00000 1.00000 1.00000 1.00000 1.00000 1.00000 1.00000 1.00000
1.00000 1.00000 1.00000 1.00000 1.00000 1.00000 1.00000 1.00000 1.00000 1.00000 1.00000 1.00000 1.00000 1.00000 1.00000 1.00000 1.00000 1.00000 1.00000 1.00000 1.00000 1.00000 1.00000 0.98000 1.00000
1.00000 1.00000 1.00000 1.00000 1.00000 1.00000 1.00000 1.00000 1.00000 1.00000 1.00000 1.00000 1.00000 1.00000 1.00000 1.00000 1.00000 1.00000 1.00000 0.98000 1.00000 1.00000 1.00000 1.00000 1.00000
1.00000 1.00000 1.00000 1.00000 1.00000 1.00000 1.00000 1.00000 1.00000 1.00000 1.00000 1.00000 1.00000 1.00000 1.00000 1.00000 0.98000 0.86000 0.98000 1.00000 1.00000 0.98000 0.96000 0.98000 0.96000
1.00000 1.00000 1.00000 1.00000 1.00000 1.00000 1.00000 1.00000 1.00000 1.00000 1.00000 1.00000 1.00000 1.00000 1.00000 1.00000 0.90000 1.00000 0.98000 1.00000 1.00000 1.00000 0.98000 1.00000 0.98000
1.00000 1.00000 1.00000 1.00000 1.00000 1.00000 0.98000 1.00000 1.00000 1.00000 1.00000 1.00000 1.00000 1.00000 1.00000 1.00000 0.86000 0.98000 1.00000 1.00000 0.84000 0.98000 1.00000 0.94000 1.00000
1.00000 1.00000 1.00000 0.84000 0.98000 1.00000 0.92000 1.00000 1.00000 1.00000 1.00000 1.00000 0.96000 1.00000 1.00000 1.00000 0.82000 1.00000 1.00000 1.00000 1.00000 1.00000 1.00000 0.96000 1.00000
1.00000 1.00000 1.00000 1.00000 1.00000 1.00000 1.00000 1.00000 1.00000 1.00000 1.00000 1.00000 1.00000 1.00000 1.00000 1.00000 1.00000 1.00000 1.00000 1.00000 1.00000 1.00000 1.00000 1.00000 0.94000
1.00000 1.00000 1.00000 1.00000 1.00000 1.00000 1.00000 1.00000 1.00000 1.00000 1.00000 0.82000 0.66000 1.00000 0.98000 1.00000 0.86000 1.00000 0.96000 0.88000 1.00000 1.00000 1.00000 1.00000 1.00000
1.00000 1.00000 1.00000 1.00000 1.00000 1.00000 1.00000 1.00000 1.00000 1.00000 1.00000 0.92000 1.00000 1.00000 1.00000 1.00000 1.00000 1.00000 1.00000 1.00000 1.00000 1.00000 1.00000 1.00000 0.96000
1.00000 1.00000 0.18000 1.00000 0.86000 1.00000 0.00000 1.00000 1.00000 0.98000 1.00000 1.00000 1.00000 0.96000 0.96000 1.00000 0.14000 1.00000 0.08000 1.00000 1.00000 1.00000 1.00000 1.00000 1.00000
0.52000 0.98000 1.00000 1.00000 1.00000 0.44000 1.00000 1.00000 1.00000 0.24000 0.84000 0.80000 1.00000 0.54000 1.00000 0.94000 1.00000 0.90000 0.90000 0.84000 1.00000 1.00000 0.86000 0.44000 0.56000
0.44000 1.00000 1.00000 1.00000 1.00000 0.58000 1.00000 0.98000 0.96000 0.98000 0.14000 0.90000 1.00000 0.98000 1.00000 1.00000 1.00000 0.00000 0.98000 0.88000 1.00000 1.00000 0.90000 1.00000 0.42000
1.00000 1.00000 1.00000 0.98000 0.98000 1.00000 1.00000 1.00000 1.00000 1.00000 1.00000 0.40000 0.84000 0.94000 1.00000 1.00000 0.02000 0.84000 0.98000 1.00000 1.00000 1.00000 1.00000 0.88000 0.50000
1.00000 1.00000 1.00000 1.00000 0.98000 1.00000 1.00000 1.00000 1.00000 1.00000 0.92000 0.98000 0.88000 0.96000 1.00000 1.00000 1.00000 0.00000 1.00000 0.32000 1.00000 1.00000 0.86000 0.98000 0.02000
1.00000 1.00000 0.28000 0.94000 1.00000 1.00000 0.74000 1.00000 0.98000 1.00000 0.98000 0.84000 1.00000 1.00000 0.86000 0.50000 0.98000 1.00000 0.34000 0.98000 0.42000 0.98000 1.00000 0.98000 0.96000
