# created 2024-03-25 16:07:04 with binary optimized matrices with seeds [0, 1, 2, 3, 4, 5, 6, 7, 8, 9, 10, 11, 12, 13, 14, 15, 16, 17, 18, 19, 20, 21, 22, 23, 24, 25, 26, 27, 28, 29, 30, 31, 32, 33, 34, 35, 36, 37, 38, 39, 40, 41, 42, 43, 44, 45, 46, 47, 48, 49] for matrix RandTrix_Nr25_Nc25_Nest0.5_Conn0.3824
1.00000 1.00000 1.00000 1.00000 0.98000 1.00000 1.00000 1.00000 1.00000 1.00000 1.00000 1.00000 1.00000 1.00000 1.00000 1.00000 1.00000 1.00000 0.98000 0.98000 0.98000 0.92000 0.92000 0.90000 0.86000
1.00000 1.00000 1.00000 1.00000 1.00000 1.00000 1.00000 1.00000 1.00000 1.00000 1.00000 1.00000 1.00000 1.00000 1.00000 1.00000 0.98000 0.96000 0.96000 1.00000 1.00000 0.98000 0.96000 0.94000 0.82000
1.00000 1.00000 1.00000 1.00000 1.00000 1.00000 1.00000 1.00000 1.00000 1.00000 0.98000 1.00000 1.00000 1.00000 1.00000 1.00000 0.98000 1.00000 0.94000 1.00000 0.98000 0.96000 1.00000 0.90000 0.98000
1.00000 1.00000 1.00000 1.00000 1.00000 1.00000 1.00000 1.00000 1.00000 1.00000 1.00000 1.00000 1.00000 1.00000 1.00000 1.00000 1.00000 0.98000 0.98000 0.98000 1.00000 1.00000 1.00000 0.98000 0.92000
1.00000 1.00000 1.00000 1.00000 1.00000 1.00000 1.00000 0.98000 1.00000 0.98000 1.00000 1.00000 1.00000 1.00000 1.00000 1.00000 0.98000 1.00000 1.00000 1.00000 1.00000 0.98000 0.98000 0.96000 0.92000
1.00000 1.00000 1.00000 1.00000 1.00000 1.00000 1.00000 1.00000 1.00000 1.00000 1.00000 1.00000 1.00000 1.00000 1.00000 1.00000 1.00000 0.98000 1.00000 1.00000 0.98000 1.00000 1.00000 0.98000 0.96000
1.00000 1.00000 1.00000 1.00000 1.00000 1.00000 1.00000 1.00000 1.00000 1.00000 1.00000 1.00000 0.98000 0.98000 1.00000 1.00000 1.00000 1.00000 0.98000 1.00000 0.96000 0.98000 1.00000 0.98000 0.94000
1.00000 1.00000 1.00000 1.00000 1.00000 1.00000 1.00000 1.00000 1.00000 1.00000 1.00000 1.00000 1.00000 1.00000 1.00000 1.00000 1.00000 1.00000 1.00000 1.00000 0.98000 0.98000 1.00000 0.96000 0.80000
1.00000 1.00000 1.00000 1.00000 1.00000 1.00000 1.00000 0.98000 1.00000 1.00000 1.00000 1.00000 1.00000 1.00000 1.00000 1.00000 1.00000 1.00000 1.00000 1.00000 0.98000 0.98000 0.96000 0.96000 0.94000
1.00000 1.00000 1.00000 1.00000 1.00000 1.00000 1.00000 1.00000 1.00000 1.00000 1.00000 1.00000 1.00000 1.00000 0.96000 1.00000 1.00000 1.00000 0.98000 1.00000 1.00000 1.00000 1.00000 0.96000 0.98000
1.00000 1.00000 1.00000 1.00000 1.00000 1.00000 1.00000 1.00000 1.00000 1.00000 1.00000 1.00000 1.00000 1.00000 1.00000 1.00000 1.00000 1.00000 1.00000 0.98000 1.00000 1.00000 1.00000 0.98000 0.94000
1.00000 1.00000 1.00000 1.00000 1.00000 1.00000 1.00000 1.00000 1.00000 0.98000 1.00000 1.00000 1.00000 1.00000 1.00000 0.98000 1.00000 0.96000 1.00000 0.98000 1.00000 1.00000 1.00000 1.00000 0.78000
1.00000 1.00000 1.00000 1.00000 1.00000 1.00000 1.00000 1.00000 1.00000 1.00000 1.00000 1.00000 0.98000 0.98000 0.96000 0.94000 1.00000 1.00000 1.00000 0.96000 0.96000 0.98000 0.92000 1.00000 0.90000
1.00000 1.00000 1.00000 1.00000 1.00000 1.00000 1.00000 1.00000 1.00000 1.00000 0.96000 1.00000 1.00000 1.00000 1.00000 0.98000 1.00000 1.00000 0.98000 0.94000 0.96000 1.00000 0.96000 0.94000 0.98000
1.00000 1.00000 1.00000 1.00000 1.00000 1.00000 1.00000 1.00000 1.00000 1.00000 1.00000 1.00000 1.00000 1.00000 1.00000 1.00000 1.00000 1.00000 0.92000 1.00000 1.00000 1.00000 0.92000 0.98000 0.94000
1.00000 1.00000 1.00000 1.00000 1.00000 1.00000 1.00000 1.00000 1.00000 1.00000 1.00000 1.00000 1.00000 1.00000 0.98000 1.00000 1.00000 1.00000 0.94000 1.00000 1.00000 0.98000 1.00000 1.00000 0.96000
1.00000 1.00000 1.00000 1.00000 1.00000 1.00000 1.00000 1.00000 1.00000 1.00000 1.00000 1.00000 1.00000 1.00000 1.00000 1.00000 0.98000 1.00000 0.98000 0.98000 1.00000 0.98000 1.00000 0.88000 0.94000
1.00000 1.00000 1.00000 1.00000 1.00000 1.00000 1.00000 1.00000 1.00000 1.00000 1.00000 0.98000 1.00000 1.00000 1.00000 0.98000 1.00000 1.00000 1.00000 1.00000 0.98000 0.96000 1.00000 0.96000 0.92000
1.00000 1.00000 1.00000 1.00000 1.00000 1.00000 1.00000 1.00000 1.00000 1.00000 1.00000 1.00000 1.00000 1.00000 1.00000 1.00000 1.00000 1.00000 1.00000 1.00000 1.00000 0.98000 0.98000 0.96000 0.94000
1.00000 1.00000 1.00000 1.00000 1.00000 1.00000 1.00000 1.00000 1.00000 1.00000 1.00000 1.00000 1.00000 1.00000 1.00000 1.00000 1.00000 1.00000 1.00000 1.00000 1.00000 1.00000 0.98000 0.96000 0.92000
1.00000 1.00000 1.00000 1.00000 1.00000 1.00000 1.00000 1.00000 1.00000 1.00000 1.00000 1.00000 0.98000 0.98000 1.00000 1.00000 0.98000 1.00000 1.00000 1.00000 0.98000 0.98000 1.00000 0.96000 0.84000
1.00000 1.00000 1.00000 1.00000 1.00000 1.00000 1.00000 1.00000 1.00000 1.00000 1.00000 1.00000 0.98000 0.98000 1.00000 1.00000 0.96000 1.00000 0.98000 0.88000 0.96000 0.96000 0.94000 1.00000 0.96000
1.00000 1.00000 1.00000 1.00000 1.00000 1.00000 1.00000 1.00000 0.98000 0.94000 1.00000 1.00000 0.94000 1.00000 0.98000 1.00000 1.00000 0.98000 0.98000 1.00000 1.00000 1.00000 1.00000 0.80000 0.76000
1.00000 1.00000 1.00000 1.00000 1.00000 1.00000 1.00000 1.00000 1.00000 1.00000 1.00000 1.00000 1.00000 1.00000 1.00000 1.00000 1.00000 1.00000 1.00000 1.00000 0.94000 0.98000 1.00000 0.92000 1.00000
1.00000 1.00000 1.00000 1.00000 1.00000 1.00000 1.00000 1.00000 0.98000 1.00000 1.00000 1.00000 1.00000 0.98000 1.00000 1.00000 1.00000 1.00000 1.00000 0.96000 0.94000 0.94000 0.98000 0.94000 0.88000
