# created 2024-03-25 16:06:53 with binary optimized matrices with seeds [0, 1, 2, 3, 4, 5, 6, 7, 8, 9, 10, 11, 12, 13, 14, 15, 16, 17, 18, 19, 20, 21, 22, 23, 24, 25, 26, 27, 28, 29, 30, 31, 32, 33, 34, 35, 36, 37, 38, 39, 40, 41, 42, 43, 44, 45, 46, 47, 48, 49] for matrix RandTrix_Nr25_Nc25_Nest0.35_Conn0.1328
1.00000 1.00000 1.00000 1.00000 1.00000 1.00000 1.00000 1.00000 1.00000 1.00000 1.00000 1.00000 1.00000 0.98000 1.00000 0.46000 0.42000 0.44000 0.40000 1.00000 0.00000 1.00000 1.00000 1.00000 1.00000
1.00000 1.00000 1.00000 1.00000 1.00000 1.00000 1.00000 1.00000 1.00000 1.00000 1.00000 1.00000 1.00000 1.00000 0.54000 0.56000 1.00000 0.66000 0.00000 1.00000 1.00000 1.00000 0.02000 0.00000 0.00000
1.00000 1.00000 1.00000 0.00000 0.00000 1.00000 1.00000 0.30000 0.60000 1.00000 1.00000 0.00000 0.98000 0.00000 0.38000 1.00000 0.58000 0.46000 0.40000 0.52000 1.00000 1.00000 0.02000 1.00000 0.00000
1.00000 0.56000 1.00000 0.00000 0.00000 0.00000 1.00000 0.00000 0.50000 1.00000 0.42000 0.02000 1.00000 0.00000 0.46000 0.40000 0.52000 0.54000 0.54000 1.00000 1.00000 1.00000 1.00000 0.00000 0.00000
1.00000 1.00000 1.00000 0.00000 0.00000 0.00000 1.00000 0.52000 1.00000 1.00000 1.00000 0.02000 1.00000 1.00000 1.00000 0.48000 0.40000 0.54000 0.48000 0.56000 1.00000 1.00000 1.00000 1.00000 0.00000
1.00000 1.00000 1.00000 0.00000 1.00000 1.00000 1.00000 1.00000 1.00000 1.00000 1.00000 0.04000 1.00000 1.00000 0.00000 0.54000 0.48000 0.52000 0.00000 0.52000 1.00000 0.02000 1.00000 1.00000 0.00000
0.00000 0.00000 0.00000 1.00000 1.00000 0.00000 0.02000 0.60000 1.00000 0.00000 0.54000 1.00000 0.00000 1.00000 0.40000 0.54000 0.46000 0.52000 0.00000 0.00000 1.00000 0.00000 0.00000 0.00000 1.00000
1.00000 0.52000 1.00000 0.00000 0.00000 0.00000 1.00000 0.60000 1.00000 0.46000 1.00000 0.00000 0.98000 1.00000 0.46000 0.60000 0.54000 0.50000 0.38000 0.00000 1.00000 0.00000 1.00000 1.00000 0.02000
1.00000 0.00000 0.40000 0.00000 0.00000 0.00000 1.00000 0.00000 1.00000 0.52000 0.58000 0.00000 1.00000 0.00000 0.46000 0.54000 0.46000 0.50000 0.54000 0.00000 1.00000 1.00000 1.00000 1.00000 0.00000
0.00000 1.00000 0.00000 0.00000 1.00000 1.00000 0.00000 1.00000 0.62000 1.00000 1.00000 0.00000 1.00000 1.00000 0.00000 0.50000 0.60000 0.36000 0.00000 1.00000 0.98000 0.02000 0.00000 0.00000 0.00000
0.00000 1.00000 0.00000 0.00000 0.98000 0.00000 0.00000 1.00000 0.58000 1.00000 1.00000 0.00000 0.00000 1.00000 0.00000 0.44000 0.38000 0.46000 0.00000 0.50000 1.00000 0.00000 1.00000 0.00000 0.00000
0.00000 1.00000 0.54000 0.02000 1.00000 0.00000 0.00000 1.00000 0.40000 0.48000 0.56000 0.02000 1.00000 1.00000 0.00000 0.42000 0.50000 0.52000 0.00000 0.48000 1.00000 0.00000 0.00000 1.00000 0.00000
0.00000 0.00000 0.00000 1.00000 1.00000 0.00000 0.98000 0.44000 1.00000 0.00000 0.54000 1.00000 0.00000 1.00000 0.66000 0.44000 1.00000 0.44000 0.60000 0.00000 1.00000 0.00000 0.00000 0.00000 0.98000
0.00000 1.00000 0.00000 1.00000 1.00000 1.00000 0.00000 1.00000 1.00000 0.60000 0.50000 1.00000 1.00000 1.00000 0.34000 1.00000 1.00000 0.56000 0.00000 0.46000 1.00000 0.00000 1.00000 0.00000 1.00000
0.00000 1.00000 0.00000 0.02000 1.00000 1.00000 0.00000 1.00000 0.50000 1.00000 0.48000 0.02000 0.00000 1.00000 0.00000 1.00000 0.42000 0.50000 0.00000 0.46000 0.98000 0.00000 1.00000 0.00000 0.00000
0.00000 0.00000 0.00000 0.02000 0.00000 1.00000 0.00000 0.00000 0.00000 0.48000 0.00000 0.00000 0.00000 0.00000 0.00000 0.44000 0.50000 0.58000 0.00000 0.00000 0.98000 0.00000 1.00000 0.00000 0.00000
0.00000 0.00000 0.00000 1.00000 0.00000 0.00000 0.00000 0.00000 0.68000 0.00000 0.00000 1.00000 0.02000 1.00000 0.38000 0.60000 1.00000 0.58000 0.00000 0.00000 1.00000 0.00000 0.00000 0.00000 0.00000
1.00000 1.00000 1.00000 0.00000 1.00000 1.00000 1.00000 1.00000 1.00000 1.00000 1.00000 0.00000 1.00000 1.00000 0.52000 0.56000 0.46000 0.56000 0.50000 0.56000 1.00000 1.00000 1.00000 0.98000 0.00000
0.00000 0.52000 1.00000 0.00000 0.02000 0.00000 1.00000 0.50000 1.00000 0.46000 0.46000 0.02000 1.00000 1.00000 0.00000 0.40000 0.54000 0.54000 0.00000 0.30000 1.00000 1.00000 0.00000 1.00000 0.00000
1.00000 0.54000 0.54000 0.00000 0.02000 0.00000 1.00000 1.00000 1.00000 1.00000 1.00000 0.00000 1.00000 1.00000 0.62000 0.50000 0.40000 0.42000 0.52000 0.00000 1.00000 1.00000 1.00000 1.00000 0.00000
1.00000 0.00000 0.48000 0.00000 0.00000 0.02000 1.00000 0.00000 0.54000 0.48000 0.52000 0.00000 1.00000 0.00000 0.48000 0.52000 0.58000 0.48000 0.50000 0.00000 1.00000 1.00000 1.00000 1.00000 0.00000
0.00000 0.00000 0.00000 0.00000 0.00000 0.00000 0.00000 0.00000 0.00000 0.00000 0.00000 1.00000 0.00000 1.00000 0.00000 0.36000 1.00000 0.36000 0.00000 0.00000 1.00000 0.00000 0.00000 0.00000 0.00000
0.00000 0.00000 0.00000 0.00000 0.00000 0.00000 0.00000 0.00000 0.00000 0.00000 0.00000 0.00000 0.00000 0.00000 0.48000 0.00000 0.00000 0.00000 0.50000 0.00000 0.00000 0.00000 0.00000 0.00000 0.00000
0.00000 0.00000 1.00000 0.00000 0.00000 0.00000 1.00000 0.00000 0.42000 0.36000 0.00000 0.00000 1.00000 0.00000 0.00000 0.62000 0.38000 0.32000 0.00000 0.54000 0.98000 0.00000 0.02000 0.98000 0.02000
0.00000 0.00000 0.00000 0.00000 0.00000 0.00000 0.00000 0.00000 0.00000 0.00000 0.00000 0.00000 0.00000 0.00000 0.00000 0.58000 0.44000 0.48000 0.00000 0.00000 0.98000 0.00000 0.00000 0.00000 0.00000
