#NetworkIn AssortGamma AssortAlpha 
RandTrix_Nr25_Nc25_Nest0.15_Conn0.0832 NaN NaN 
RandTrix_Nr25_Nc25_Nest0.15_Conn0.1808 NaN NaN 
RandTrix_Nr25_Nc25_Nest0.25_Conn0.0848 NaN NaN 
RandTrix_Nr25_Nc25_Nest0.25_Conn0.2336 NaN NaN 
RandTrix_Nr25_Nc25_Nest0.2_Conn0.168 NaN NaN 
RandTrix_Nr25_Nc25_Nest0.35_Conn0.1712 NaN NaN 
RandTrix_Nr25_Nc25_Nest0.35_Conn0.3216 NaN NaN 
RandTrix_Nr25_Nc25_Nest0.3_Conn0.1824 NaN NaN 
RandTrix_Nr25_Nc25_Nest0.45_Conn0.08 NaN NaN 
RandTrix_Nr25_Nc25_Nest0.45_Conn0.2336 NaN NaN 
RandTrix_Nr25_Nc25_Nest0.45_Conn0.384 NaN NaN 
RandTrix_Nr25_Nc25_Nest0.4_Conn0.128 NaN NaN 
RandTrix_Nr25_Nc25_Nest0.4_Conn0.272 NaN NaN 
RandTrix_Nr25_Nc25_Nest0.55_Conn0.0848 NaN NaN 
RandTrix_Nr25_Nc25_Nest0.55_Conn0.216 NaN NaN 
RandTrix_Nr25_Nc25_Nest0.55_Conn0.3824 NaN NaN 
RandTrix_Nr25_Nc25_Nest0.5_Conn0.128 NaN NaN 
RandTrix_Nr25_Nc25_Nest0.5_Conn0.2736 NaN NaN 
RandTrix_Nr25_Nc25_Nest0.5_Conn0.416 NaN NaN 
RandTrix_Nr25_Nc25_Nest0.6_Conn0.1712 NaN NaN 
RandTrix_Nr25_Nc25_Nest0.6_Conn0.3168 NaN NaN 
-2.498246e-01 0.014006 0.077568 
1.669872e-01 0.097717 -0.015964 
-3.232457e-01 -0.343383 -0.012101 
1.691958e-01 -0.390101 0.026071 
2.055687e-02 -0.436638 -0.394176 
-1.795016e-01 -0.132131 -0.169330 
6.776789e-02 -0.393422 -0.307783 
-1.887788e-01 -0.041673 -0.017456 
-5.673271e-01 -0.443099 -0.360433 
-2.331939e-01 -0.203155 -0.107913 
2.175963e-02 -0.052894 -0.508185 
-5.587020e-01 -0.355275 -0.205618 
-2.180358e-01 0.001372 -0.027906 
-5.395043e-01 -0.528375 -0.428549 
-2.917882e-01 -0.242682 -0.128029 
-2.289719e-01 -0.048048 -0.512608 
-5.074062e-01 -0.409616 -0.310343 
-2.929936e-01 -0.161405 -0.146402 
-4.167565e-03 -0.602937 -0.502474 
-4.914946e-01 -0.275531 -0.316836 
-2.781901e-01 -0.193284 -0.186678 
7.943417e-02 -0.419231 -0.181184 
-3.617021e-01 -0.058866 -0.199053 
2.635631e-02 -0.217349 -0.469139 
-2.725527e-01 0.060999 -0.334715 
-4.233224e-01 0.271201 -0.296914 
-4.943301e-01 -0.536214 -0.562344 
-4.985041e-01 -0.154321 -0.061007 
-4.368367e-01 -0.490909 -0.447959 
8.813721e-02 -0.209907 -0.560912 
-5.645250e-01 -0.519855 -0.527140 
-4.877418e-01 -0.246105 -0.006342 
-3.242886e-01 -0.509036 -0.527665 
-5.608883e-01 -0.473059 -0.368832 
1.877133e-02 -0.152410 -0.303235 
-5.662929e-01 -0.522211 -0.516410 
-4.440869e-01 -0.408487 -0.127273 
-7.039627e-02 -0.564263 -0.468654 
-5.205838e-01 -0.545093 -0.513023 
-3.887491e-01 -0.300521 -0.196216 
-3.454388e-01 -0.509279 -0.489302 
-5.783709e-01 -0.509657 -0.311073 
