#NetworkIn NestGamma NestAlpha 
RandTrix_Nr25_Nc25_Nest0.15_Conn0.0832 NaN NaN 
RandTrix_Nr25_Nc25_Nest0.15_Conn0.1808 NaN NaN 
RandTrix_Nr25_Nc25_Nest0.25_Conn0.0848 NaN NaN 
RandTrix_Nr25_Nc25_Nest0.25_Conn0.2336 NaN NaN 
RandTrix_Nr25_Nc25_Nest0.2_Conn0.168 NaN NaN 
RandTrix_Nr25_Nc25_Nest0.35_Conn0.1712 NaN NaN 
RandTrix_Nr25_Nc25_Nest0.35_Conn0.3216 NaN NaN 
RandTrix_Nr25_Nc25_Nest0.3_Conn0.1824 NaN NaN 
RandTrix_Nr25_Nc25_Nest0.45_Conn0.08 NaN NaN 
RandTrix_Nr25_Nc25_Nest0.45_Conn0.2336 NaN NaN 
RandTrix_Nr25_Nc25_Nest0.45_Conn0.384 NaN NaN 
RandTrix_Nr25_Nc25_Nest0.4_Conn0.128 NaN NaN 
RandTrix_Nr25_Nc25_Nest0.4_Conn0.272 NaN NaN 
RandTrix_Nr25_Nc25_Nest0.55_Conn0.0848 NaN NaN 
RandTrix_Nr25_Nc25_Nest0.55_Conn0.216 NaN NaN 
RandTrix_Nr25_Nc25_Nest0.55_Conn0.3824 NaN NaN 
RandTrix_Nr25_Nc25_Nest0.5_Conn0.128 NaN NaN 
RandTrix_Nr25_Nc25_Nest0.5_Conn0.2736 NaN NaN 
RandTrix_Nr25_Nc25_Nest0.5_Conn0.416 NaN NaN 
RandTrix_Nr25_Nc25_Nest0.6_Conn0.1712 NaN NaN 
RandTrix_Nr25_Nc25_Nest0.6_Conn0.3168 NaN NaN 
1.494845e-01 0.157823 0.153414 
1.580595e-01 0.104167 0.104794 
1.883657e-01 0.251634 0.243089 
2.560976e-01 0.194070 0.201141 
2.029703e-01 0.507418 0.383302 
3.583021e-01 0.347826 0.351125 
3.581509e-01 0.268786 0.335548 
2.975027e-01 0.297856 0.297594 
4.764890e-01 0.455487 0.435644 
4.404057e-01 0.449964 0.445695 
4.590581e-01 0.445868 0.410256 
4.020408e-01 0.409594 0.397921 
3.962766e-01 0.396154 0.402817 
4.489164e-01 0.673469 0.529412 
5.457516e-01 0.541869 0.544560 
5.472210e-01 0.546535 0.437107 
5.258799e-01 0.492754 0.508560 
4.933530e-01 0.499434 0.494194 
5.022659e-01 0.522436 0.690987 
6.068759e-01 0.599382 0.602584 
6.033313e-01 0.594254 0.596549 
1.014851e-01 0.200000 0.308525 
2.908778e-01 0.102273 0.289086 
7.962529e-02 0.337691 0.547348 
5.097365e-01 0.164948 0.378205 
4.652174e-01 0.132118 0.248344 
4.860814e-01 0.566845 0.605528 
6.537468e-01 0.087432 0.216634 
4.922737e-01 0.621406 0.615295 
1.057884e-01 0.212585 0.394558 
6.007678e-01 0.708651 0.753846 
6.771196e-01 0.645032 0.117801 
1.794258e-01 0.414044 0.694915 
6.622807e-01 0.683709 0.671965 
1.052632e-01 0.225649 0.381916 
6.392915e-01 0.687964 0.766092 
7.629578e-01 0.739397 0.072848 
1.553785e-01 0.428571 0.610947 
7.235669e-01 0.707953 0.748445 
6.930745e-01 0.138686 0.249600 
3.567921e-01 0.682707 0.736957 
8.021654e-01 0.802205 0.751652 
