#NetworkIn StdvDegGamma StdvDegAlpha 
RandTrix_Nr25_Nc25_Nest0.15_Conn0.0832 NaN NaN 
RandTrix_Nr25_Nc25_Nest0.15_Conn0.1808 NaN NaN 
RandTrix_Nr25_Nc25_Nest0.25_Conn0.0848 NaN NaN 
RandTrix_Nr25_Nc25_Nest0.25_Conn0.2336 NaN NaN 
RandTrix_Nr25_Nc25_Nest0.2_Conn0.168 NaN NaN 
RandTrix_Nr25_Nc25_Nest0.35_Conn0.1712 NaN NaN 
RandTrix_Nr25_Nc25_Nest0.35_Conn0.3216 NaN NaN 
RandTrix_Nr25_Nc25_Nest0.3_Conn0.1824 NaN NaN 
RandTrix_Nr25_Nc25_Nest0.45_Conn0.08 NaN NaN 
RandTrix_Nr25_Nc25_Nest0.45_Conn0.2336 NaN NaN 
RandTrix_Nr25_Nc25_Nest0.45_Conn0.384 NaN NaN 
RandTrix_Nr25_Nc25_Nest0.4_Conn0.128 NaN NaN 
RandTrix_Nr25_Nc25_Nest0.4_Conn0.272 NaN NaN 
RandTrix_Nr25_Nc25_Nest0.55_Conn0.0848 NaN NaN 
RandTrix_Nr25_Nc25_Nest0.55_Conn0.216 NaN NaN 
RandTrix_Nr25_Nc25_Nest0.55_Conn0.3824 NaN NaN 
RandTrix_Nr25_Nc25_Nest0.5_Conn0.128 NaN NaN 
RandTrix_Nr25_Nc25_Nest0.5_Conn0.2736 NaN NaN 
RandTrix_Nr25_Nc25_Nest0.5_Conn0.416 NaN NaN 
RandTrix_Nr25_Nc25_Nest0.6_Conn0.1712 NaN NaN 
RandTrix_Nr25_Nc25_Nest0.6_Conn0.3168 NaN NaN 
1.588736e+00 1.414214 0.534522 
5.046720e-01 1.175255 0.517451 
2.066645e+00 2.194985 1.979487 
1.503194e+00 1.891334 1.829910 
1.628822e+00 3.049523 2.873951 
2.927979e+00 2.779223 2.432769 
1.840142e+00 2.387382 2.653915 
2.483907e+00 2.207963 1.484065 
3.155817e+00 3.223384 3.421183 
3.559179e+00 3.490161 3.199745 
2.571429e+00 1.678191 2.932158 
3.063944e+00 3.270149 3.182606 
2.989779e+00 2.373665 1.796141 
3.274141e+00 3.864226 3.854496 
4.100771e+00 4.304530 4.104552 
3.818109e+00 3.470929 3.162020 
3.499271e+00 3.742530 3.913556 
3.861690e+00 3.763411 3.163310 
2.871393e+00 3.499038 4.014057 
4.145516e+00 4.415002 4.610724 
4.623984e+00 4.375442 4.121422 
1.239486e+00 3.597278 3.302195 
2.710524e+00 1.572208 3.183888 
1.470804e+00 2.455814 4.888804 
4.102961e+00 1.189066 2.987320 
4.135461e+00 1.049781 2.358138 
5.660605e+00 5.646599 5.483779 
5.417884e+00 0.692820 2.246448 
4.617447e+00 5.485565 5.499536 
1.168288e+00 1.665986 5.123933 
6.296614e+00 6.232764 6.118690 
5.701557e+00 4.889138 1.030158 
2.740773e+00 5.439988 6.104398 
6.208092e+00 6.025659 5.488243 
1.069045e+00 2.058730 2.983218 
5.817777e+00 6.494456 6.380967 
6.327781e+00 5.790774 0.989743 
2.090210e+00 5.259627 5.214736 
6.401530e+00 6.395662 6.037299 
5.524122e+00 1.049003 2.018688 
2.906713e+00 5.861114 6.162295 
6.745399e+00 6.626970 5.690092 
