1.00000 0.00000 0.00000 0.00000 0.00000 0.00000 1.00000 0.96040 1.00000 1.00000 0.00000 0.00000 0.00000 0.00000 0.03960 0.00000 0.00000 0.00000 0.00000 0.56436 0.00990 0.00000 0.00000 0.00000 1.00000
0.00000 0.00000 0.18812 0.97030 0.81188 0.00000 0.00000 0.12871 0.00000 0.00000 0.29703 0.00000 0.28713 0.70297 0.49505 0.00000 0.43564 0.54455 0.00000 0.00000 0.00000 0.40594 0.02970 0.00000 0.28713
0.00000 1.00000 0.00000 0.00000 0.00000 0.00000 0.00000 0.52475 1.00000 0.00000 1.00000 0.00000 0.52475 0.00000 0.47525 0.00000 0.00000 0.00000 0.00000 0.32673 0.45545 0.00000 0.00000 0.00000 0.00000
0.91089 0.03960 1.00000 0.00000 1.00000 0.96040 0.08911 0.00000 0.00000 0.00000 0.00000 0.00000 0.00000 0.00000 0.00000 0.91089 0.00000 0.00000 0.44554 0.01980 0.00000 0.00000 0.08911 0.08911 0.00000
0.00000 0.00000 0.00000 0.75248 0.00000 0.00000 0.00000 0.33663 0.27723 0.04950 0.00000 0.78218 0.00000 0.24752 1.00000 0.00000 0.00000 0.00000 0.11881 0.00000 0.33663 0.00000 0.19802 0.00000 0.04950
1.00000 0.00000 0.00000 0.90099 0.00000 1.00000 0.00990 0.00000 0.00000 0.99010 0.00000 0.00000 0.00000 0.08911 0.00990 0.00000 0.00000 0.00000 0.00000 0.00000 0.00000 0.08911 0.00000 0.00000 0.00000
0.90099 0.00000 1.00000 0.94059 0.09901 0.00000 1.00000 0.00000 0.00000 0.00000 0.00000 0.00000 0.00000 0.90099 0.00990 0.00000 0.01980 0.01980 0.00000 0.09901 0.00000 0.04950 0.15842 0.09901 0.00000
0.00000 0.00000 0.00000 0.00000 0.00000 0.00000 0.00000 0.14851 0.95050 1.00000 0.00000 0.00000 0.00000 0.00000 0.88119 0.00000 0.03960 0.03960 0.00000 0.00000 0.90099 0.97030 0.00000 0.00000 0.00000
0.90099 0.00000 1.00000 0.05941 0.94059 0.01980 0.00000 0.00000 0.00000 0.00000 0.00000 0.00000 0.00000 0.00990 0.00000 0.00000 0.00000 0.00000 0.02970 0.09901 0.00000 0.00000 0.02970 0.09901 0.00000
0.00000 1.00000 0.00000 0.00000 1.00000 1.00000 0.00000 0.00000 0.00000 0.00000 0.00000 0.00000 0.00000 0.00000 0.00000 0.00000 0.00000 0.00000 0.00000 0.00000 0.00000 0.00000 0.00000 0.00000 0.00000
0.98020 0.99010 0.00000 0.49505 0.00000 0.00990 0.00000 0.00000 0.00000 0.00000 0.00000 0.00000 0.00000 0.50495 0.00000 0.00000 0.00000 0.00000 0.00990 0.01980 0.00000 0.50495 0.51485 0.01980 0.00990
0.00000 1.00000 0.00000 0.00000 0.00000 1.00000 0.00000 0.00000 0.00000 1.00000 0.00000 0.00000 0.00000 0.00000 0.00000 0.00000 0.00000 0.00000 0.00000 0.00000 0.00000 0.00000 0.00000 0.00000 0.00000
0.00000 0.00000 0.00000 0.00000 0.00000 0.00000 0.00000 0.00000 0.00000 0.00000 0.57426 1.00000 0.00000 0.57426 0.00000 0.00000 0.42574 0.00000 0.00000 0.00000 0.00000 0.00000 0.00000 0.00000 0.42574
0.00000 0.00000 0.00000 0.00000 0.00000 0.00000 0.93069 0.00000 0.00000 0.00000 0.00000 0.93069 0.00000 0.06931 0.00000 0.06931 0.00000 0.00000 0.35644 0.00990 0.02970 0.06931 0.00000 0.00000 0.00000
1.00000 1.00000 0.00000 0.00000 0.00000 0.00000 0.00000 0.00000 0.00000 0.00000 0.00000 0.00000 0.00000 0.00000 0.00000 0.00000 0.00000 0.00000 0.00000 0.30693 0.33663 0.00000 0.00000 0.00000 0.00000
0.00000 0.00000 0.00000 0.00000 0.00000 0.00000 0.00000 0.00000 0.00000 0.00000 0.77228 0.00000 0.00000 0.22772 0.00000 0.00000 0.20792 0.20792 0.00000 0.00000 0.00000 0.00000 0.00000 0.00000 0.22772
0.00000 1.00000 1.00000 0.00000 0.00000 0.00000 0.00000 0.00000 0.00000 0.00000 0.00000 0.00000 0.00000 0.00000 0.00000 0.00000 0.00000 0.00000 0.00000 0.00000 0.00000 0.00000 0.00000 0.00000 0.00000
0.00000 0.00000 1.00000 0.00000 0.00000 0.00000 0.00000 0.00000 0.00000 0.00000 0.00000 0.00000 0.25743 0.00000 0.00000 0.00000 0.22772 0.22772 0.00000 0.00000 0.00000 0.00000 0.00000 0.00000 0.74257
0.00000 0.00000 0.00000 0.00000 0.00000 0.00000 1.00000 0.00000 0.00000 0.00000 0.00000 0.00000 0.00000 0.00000 0.00000 1.00000 0.00000 0.00000 0.00000 0.00000 0.00000 0.00000 0.00000 0.00000 0.00000
0.00000 0.00000 0.00000 0.00000 0.00000 0.00000 0.00000 0.23762 0.42574 0.00000 0.00000 0.00000 0.00000 0.00000 0.00000 1.00000 0.00000 0.00000 0.00000 0.00000 0.33663 0.00000 0.00000 0.00000 0.00000
1.00000 0.00000 0.00000 0.00000 0.00000 0.00000 0.00000 0.00000 0.00000 0.00000 0.00000 0.00000 0.00000 0.00000 0.00000 0.00000 0.00000 0.00000 0.00000 0.00000 0.00000 0.00000 0.00000 0.00000 0.00000
0.00000 0.00000 0.00000 0.00000 0.00000 0.00000 0.00000 0.00000 0.00000 0.00000 0.00000 0.00000 0.00000 0.00000 0.00000 0.00000 0.32673 0.32673 0.00000 0.00000 0.00000 0.00000 0.00000 0.00000 0.00000
0.00000 0.00000 1.00000 0.00000 0.00000 0.00000 0.00000 0.00000 0.00000 0.00000 0.00000 0.00000 0.00000 0.00000 0.00000 0.00000 0.00000 0.00000 0.00000 0.00000 0.00000 0.00000 0.00000 0.00000 0.00000
0.00000 0.00000 0.00000 0.00000 0.00000 0.00000 0.00000 0.00000 0.00000 0.00000 1.00000 0.00000 0.00000 0.00000 0.00000 0.00000 0.00000 0.00000 0.00000 0.00000 0.00000 0.00000 0.00000 0.00000 0.00000
0.00000 0.00000 0.00000 0.00000 0.00000 0.00000 0.00000 0.00000 0.00000 0.00000 0.00000 1.00000 0.00000 0.00000 0.00000 0.00000 0.00000 0.00000 0.00000 0.00000 0.00000 0.00000 0.00000 0.00000 0.00000
