1.00000 1.00000 0.99010 1.00000 1.00000 0.58416 0.63366 1.00000 1.00000 0.00990 1.00000 1.00000 1.00000 0.99010 0.41584 0.00000 1.00000 0.10891 0.37624 1.00000 0.37624 0.72277 1.00000 0.00000 0.27723
0.69307 1.00000 0.92079 0.28713 0.99010 0.93069 1.00000 1.00000 0.18812 0.96040 0.20792 0.95050 0.79208 0.68317 0.80198 0.15842 0.06931 0.85149 0.30693 0.78218 0.83168 0.78218 0.53465 0.28713 0.19802
0.44554 0.73267 0.67327 0.55446 0.88119 0.78218 0.55446 0.35644 0.75248 0.96040 0.29703 0.98020 0.85149 0.94059 0.88119 0.39604 0.06931 0.05941 0.73267 0.82178 0.97030 0.63366 0.43564 0.33663 0.38614
1.00000 0.19802 1.00000 1.00000 0.99010 0.96040 0.88119 0.00990 1.00000 0.21782 1.00000 0.78218 0.81188 0.01980 0.02970 0.80198 0.79208 0.08911 0.02970 0.11881 0.89109 0.99010 0.09901 0.09901 0.45545
0.98020 1.00000 1.00000 1.00000 0.15842 0.79208 1.00000 0.05941 0.01980 0.97030 0.13861 0.00000 0.97030 0.97030 0.09901 0.82178 0.86139 0.87129 1.00000 0.97030 0.14851 0.00990 0.78218 0.09901 0.19802
1.00000 1.00000 1.00000 1.00000 0.99010 0.96040 1.00000 1.00000 1.00000 1.00000 0.00000 0.00000 0.01980 1.00000 1.00000 0.02970 0.00000 0.00000 1.00000 0.96040 0.00990 0.00000 0.05941 0.00000 0.00000
0.98020 1.00000 0.31683 0.66337 0.95050 0.85149 0.00000 0.99010 0.12871 0.30693 0.98020 0.77228 0.47525 0.56436 0.81188 0.24752 0.00000 0.21782 0.30693 0.13861 0.51485 0.28713 0.91089 0.78218 0.04950
1.00000 0.98020 0.99010 1.00000 1.00000 1.00000 0.99010 0.00000 1.00000 1.00000 0.00990 0.00990 0.96040 0.01980 0.00000 1.00000 0.00000 0.01980 0.00990 0.00990 0.00990 0.01980 0.01980 0.00000 0.40594
1.00000 0.00000 1.00000 1.00000 0.99010 0.95050 0.00990 1.00000 0.00000 1.00000 0.97030 0.02970 0.64356 0.00000 0.04950 1.00000 0.00000 0.98020 0.00000 0.02970 0.00000 0.00990 0.34653 0.03960 0.40594
0.38614 0.92079 0.15842 0.67327 1.00000 0.92079 0.87129 0.00000 0.93069 0.91089 0.12871 0.00990 0.13861 0.81188 0.91089 0.69307 0.00000 0.00000 0.17822 0.26733 0.54455 0.12871 0.05941 0.02970 0.41584
0.91089 0.06931 0.96040 1.00000 0.50495 0.60396 0.05941 0.71287 0.81188 0.67327 0.95050 0.03960 0.04950 0.04950 0.72277 0.29703 0.45545 0.17822 0.11881 0.38614 0.08911 0.16832 0.12871 0.33663 0.10891
0.89109 0.07921 0.55446 0.94059 0.15842 0.37624 0.84158 0.10891 0.62376 0.56436 0.37624 0.16832 0.07921 0.34653 0.06931 0.06931 0.53465 0.28713 0.72277 0.46535 0.04950 0.16832 0.27723 0.17822 0.10891
0.09901 0.90099 0.04950 0.00000 0.00000 0.04950 0.00000 1.00000 0.00000 0.01980 0.94059 1.00000 0.05941 0.03960 0.93069 0.00000 0.90099 0.85149 0.02970 0.01980 0.11881 0.77228 0.02970 0.94059 0.01980
0.15842 0.84158 0.75248 0.04950 0.01980 0.02970 0.00000 0.98020 0.00000 0.98020 0.02970 0.97030 0.73267 0.04950 0.07921 0.01980 0.00990 0.99010 0.00990 0.15842 0.00990 0.00990 0.23762 0.80198 0.30693
0.69307 0.81188 0.05941 0.45545 0.94059 0.31683 0.00000 0.60396 0.09901 0.69307 0.68317 0.55446 0.39604 0.00000 0.33663 0.37624 0.00000 0.25743 0.00000 0.00000 0.11881 0.26733 0.00000 0.44554 0.16832
1.00000 0.85149 0.00990 0.99010 0.97030 0.88119 0.00000 0.05941 0.09901 0.25743 0.85149 0.03960 0.00990 0.05941 0.81188 0.87129 0.01980 0.00000 0.00000 0.00000 0.05941 0.03960 0.09901 0.27723 0.09901
1.00000 0.00000 0.77228 0.98020 0.90099 0.51485 0.45545 0.78218 0.05941 0.32673 0.01980 0.00000 0.15842 0.10891 0.36634 0.18812 0.11881 0.05941 0.40594 0.19802 0.15842 0.12871 0.04950 0.01980 0.54455
0.82178 1.00000 0.00990 0.17822 0.82178 0.02970 0.00990 0.15842 0.94059 0.00000 0.01980 0.64356 0.00000 0.00000 0.00000 0.00000 0.00000 0.00000 0.00000 0.01980 0.32673 0.01980 0.04950 0.17822 0.17822
0.98020 0.34653 0.42574 0.93069 0.00990 0.28713 0.00990 0.00000 0.00000 0.33663 0.00990 0.24752 0.00990 0.00000 0.01980 0.11881 0.68317 0.00000 0.63366 0.10891 0.16832 0.16832 0.03960 0.51485 0.28713
0.43564 0.00000 0.87129 0.31683 0.07921 0.10891 0.00000 0.14851 0.17822 0.75248 0.92079 0.29703 0.06931 0.00990 0.03960 0.16832 0.10891 0.11881 0.00990 0.00990 0.38614 0.00990 0.10891 0.49505 0.05941
0.00000 0.00000 0.97030 0.00000 0.00000 0.00000 0.98020 0.00000 0.00000 0.02970 0.00000 0.00000 0.00000 0.01980 0.00000 0.00000 1.00000 0.00000 1.00000 0.97030 0.00000 0.00990 0.02970 0.00000 0.01980
0.97030 0.92079 0.00000 0.88119 0.04950 0.12871 0.00000 0.00000 0.96040 0.00000 0.00000 0.00000 0.00000 0.04950 0.00000 0.00990 0.00000 0.00000 0.03960 0.00000 0.00000 0.00000 0.00000 0.07921 0.03960
0.05941 0.89109 0.00000 0.01980 0.00000 0.00000 0.94059 0.00000 0.00990 0.00000 0.00000 0.00000 0.00000 0.98020 0.00000 0.01980 0.00000 0.00990 0.91089 0.14851 0.00000 0.00000 0.00990 0.09901 0.02970
0.00000 0.00000 0.00000 0.00000 0.80198 0.14851 0.00000 1.00000 1.00000 0.00000 0.00000 0.00000 0.00000 0.00000 0.00000 0.04950 0.00000 0.00000 0.00000 0.01980 0.00000 0.00000 0.02970 0.00000 0.00000
0.88119 0.00000 0.00000 0.11881 0.00000 0.00000 0.79208 0.00000 0.00000 0.00000 0.00000 0.00000 0.00000 0.06931 0.00000 0.00000 0.00000 0.00000 0.12871 0.00990 0.12871 0.00000 0.00000 0.00000 0.16832
