1.00000 1.00000 1.00000 1.00000 1.00000 1.00000 1.00000 1.00000 1.00000 0.00000 1.00000 1.00000 0.00000 1.00000 0.00000 0.51485 0.45545 0.46535 0.00000 1.00000 0.00000 0.00000 1.00000 1.00000 0.00000
0.00000 1.00000 0.00000 0.00990 1.00000 0.00000 0.98020 1.00000 0.99010 0.00000 1.00000 0.03960 0.00000 0.01980 0.00000 0.00000 0.93069 0.00000 0.00000 0.00000 0.02970 0.01980 0.00000 0.00000 0.00000
1.00000 0.00000 0.00000 0.00000 0.00000 0.99010 0.00000 0.00000 0.00000 1.00000 0.00000 0.00000 0.00000 0.00000 0.00000 0.00990 0.00000 0.00000 0.00000 0.00000 0.00000 0.00000 0.00000 0.00000 0.00000
1.00000 0.00000 0.99010 0.00000 0.00000 0.00000 0.00990 0.00000 0.00000 0.00000 0.00000 0.00000 0.28713 0.00000 0.00000 0.00000 0.00000 0.00000 0.00000 0.30693 0.71287 0.00000 0.00000 0.00000 0.00000
0.91089 0.00000 1.00000 0.00000 0.00000 0.00000 0.98020 0.00000 0.87129 0.00000 0.08911 0.00000 0.00000 0.04950 0.09901 0.00000 0.00000 0.00000 0.00000 0.00000 0.09901 0.10891 0.08911 0.08911 0.00000
0.00000 0.51485 0.98020 0.00000 0.01980 0.00990 0.01980 0.46535 0.00000 0.23762 0.00000 0.00000 0.26733 0.00000 0.00000 0.00000 0.00000 0.00000 0.00000 0.38614 0.48515 0.00000 0.75248 0.00000 0.00000
0.00000 0.00000 0.00000 0.85149 0.00000 0.00000 0.00000 0.00000 0.14851 0.00000 0.00000 1.00000 0.00000 0.85149 0.00000 0.01980 0.06931 0.00990 0.00000 0.00000 1.00000 0.00000 0.00000 0.00000 0.14851
1.00000 0.00000 0.00000 0.00000 0.00000 0.00000 0.95050 0.00000 0.04950 0.00000 0.00000 0.00000 0.00000 0.00000 0.00000 0.00000 0.00000 0.00000 0.00000 0.00000 0.00000 0.00000 0.00000 0.00000 0.00000
1.00000 0.00000 0.00000 0.00000 0.00000 0.00000 0.00000 0.00000 0.00000 0.00000 0.00000 0.00000 0.00000 0.00000 0.43564 0.00000 0.00000 0.00000 0.50495 0.00000 0.00000 0.00000 0.00000 0.00000 0.00000
0.00000 1.00000 0.00000 0.00000 1.00000 0.00000 0.00000 0.58416 0.00000 0.00000 0.41584 0.00000 0.00000 0.00000 0.00000 0.00000 0.00000 0.00000 0.00000 0.00000 0.00000 0.00000 0.00000 0.00000 0.00000
0.00000 0.21782 0.00000 0.00000 0.00000 0.00000 0.00000 0.77228 0.00000 0.22772 0.95050 0.00000 0.00000 0.05941 0.00000 0.00000 0.00000 0.00000 0.00000 0.23762 0.77228 0.00000 0.77228 0.00000 0.00000
0.00000 0.02970 0.00000 0.00000 0.88119 0.00000 0.00000 0.08911 0.00000 0.00000 0.00000 0.00000 0.00000 0.00000 0.00000 0.00000 0.00000 0.00000 0.00000 0.47525 1.00000 0.00000 0.00000 1.00000 0.00000
0.00000 0.00000 0.00000 0.28713 0.00990 0.00000 0.00000 0.00000 0.64356 0.00000 0.00000 0.00990 0.00000 0.34653 0.38614 0.00000 0.35644 0.00000 0.26733 0.00000 0.34653 0.00000 0.00000 0.00000 0.71287
0.00000 0.07921 0.00000 0.29703 0.72277 0.46535 0.00000 0.06931 0.03960 0.00000 0.00000 0.00990 0.04950 0.10891 0.33663 0.53465 0.58416 0.00000 0.00000 0.16832 0.03960 0.00000 0.53465 0.00000 0.70297
0.00000 0.77228 0.00000 0.00000 0.21782 0.36634 0.00000 0.00990 0.00000 0.00000 0.00000 0.00000 0.00000 0.00000 0.00000 0.63366 0.00000 0.00000 0.00000 0.08911 0.00000 0.00000 0.63366 0.00000 0.00000
0.00000 0.00000 0.00000 0.00000 0.00000 1.00000 0.00000 0.00000 0.00000 0.00000 0.00000 0.00000 0.00000 0.00000 0.00000 0.00000 0.00000 0.00000 0.00000 0.00000 1.00000 0.00000 0.00000 0.00000 0.00000
0.00000 0.00000 0.00000 0.90099 0.00000 0.00000 0.00000 0.00000 0.00000 0.00000 0.00000 0.00000 0.00000 0.00000 0.04950 0.00000 0.09901 0.00000 0.00000 0.00000 0.00000 0.00000 0.00000 0.00000 0.00000
1.00000 0.98020 0.00000 0.00000 0.00000 0.00000 0.00000 0.01980 0.00000 0.00000 0.00000 0.00000 0.00000 0.00000 0.00000 0.00000 0.00000 0.00000 0.00000 0.01980 0.00000 0.00000 0.00000 0.00000 0.00000
0.00000 0.00000 1.00000 0.00000 0.00000 0.00000 0.56436 0.00000 0.43564 0.00000 0.00000 0.00000 0.00000 0.00000 0.00000 0.00000 0.00000 0.00000 0.00000 0.00000 0.00000 0.43564 0.00000 0.00000 0.00000
1.00000 0.00000 0.00000 0.00000 0.00000 0.00000 0.00000 0.45545 0.00000 0.00000 0.53465 0.00000 0.00000 0.00990 0.00000 0.00000 0.00000 0.00000 0.00000 0.00000 0.00000 0.00000 0.00000 0.00000 0.00000
1.00000 0.00000 0.00000 0.00000 0.00000 0.00000 0.00000 0.00000 0.00000 0.00000 0.00000 0.00000 0.00000 0.00000 0.00000 0.00000 0.00000 0.00000 0.00000 0.00000 0.00000 0.00000 0.00000 0.00000 0.00000
0.00000 0.00000 0.00000 0.00000 0.00000 0.00000 0.00000 0.00000 0.00000 0.00000 0.00000 0.02970 0.00000 0.03960 0.00000 0.00000 0.93069 0.00000 0.00000 0.00000 0.00000 0.00000 0.00000 0.00000 0.00000
0.00000 0.00000 0.00000 0.00000 0.00000 0.00000 0.00000 0.00000 0.00000 0.00000 0.00000 0.00000 0.00000 0.00000 0.37624 0.00000 0.00000 0.00000 0.30693 0.00000 0.00000 0.00000 0.00000 0.00000 0.00000
0.00000 0.00000 1.00000 0.00000 0.00000 0.00000 0.00000 0.00000 0.00000 0.00000 0.00000 0.00000 0.00000 0.00000 0.00000 0.00000 0.00000 0.00000 0.00000 0.00000 0.00000 0.00000 0.00000 0.00000 0.00000
0.00000 0.00000 0.00000 0.00000 0.00000 0.00000 0.00000 0.00000 0.00000 0.00000 0.00000 0.00000 0.00000 0.00000 0.00000 0.00000 0.00000 0.00000 0.00000 0.00000 1.00000 0.00000 0.00000 0.00000 0.00000
