1.00000 1.00000 0.99010 0.81188 1.00000 0.15842 1.00000 0.98020 0.75248 0.03960 0.24752 0.02970 0.04950 0.97030 0.00000 0.91089 1.00000 0.99010 0.01980 0.00990 0.91089 0.88119 0.94059 0.05941 0.04950
0.99010 0.08911 0.98020 0.97030 0.99010 0.99010 0.16832 0.00000 0.91089 0.00000 0.04950 0.82178 0.28713 0.69307 0.93069 1.00000 0.78218 0.07921 0.80198 0.01980 0.04950 0.29703 0.01980 0.22772 0.80198
1.00000 0.99010 1.00000 1.00000 1.00000 1.00000 0.99010 1.00000 1.00000 0.00000 1.00000 0.01980 0.99010 0.00990 0.99010 0.00000 0.98020 0.00000 0.97030 0.00000 0.00000 0.02970 0.00000 0.02970 0.00000
1.00000 0.90099 0.70297 0.79208 0.46535 0.60396 0.80198 0.35644 0.76238 0.54455 0.24752 0.25743 0.04950 0.00990 0.11881 0.62376 0.37624 0.94059 0.89109 0.82178 0.79208 0.44554 0.02970 0.29703 0.34653
0.01980 0.94059 1.00000 0.70297 0.95050 0.20792 0.64356 0.35644 0.05941 0.98020 0.98020 0.06931 0.32673 0.99010 0.60396 0.87129 0.98020 0.07921 0.16832 0.00990 0.32673 0.00990 0.00990 0.64356 0.01980
1.00000 1.00000 0.97030 1.00000 0.20792 1.00000 0.01980 0.79208 0.00000 0.18812 0.09901 0.00000 0.00000 0.00990 0.00990 0.76238 0.00000 0.00000 0.97030 0.21782 0.04950 0.18812 0.00000 0.79208 0.85149
1.00000 0.01980 0.97030 0.02970 0.98020 0.00000 0.00000 1.00000 0.99010 0.00000 0.98020 1.00000 1.00000 0.00000 0.99010 0.01980 0.00000 0.00000 0.00000 0.00000 0.00000 0.00000 0.97030 0.00990 0.00000
0.00000 1.00000 0.00000 0.00000 0.00000 1.00000 0.00000 0.00000 1.00000 1.00000 0.00000 1.00000 1.00000 1.00000 1.00000 0.00000 0.00000 0.00000 0.00000 0.00000 0.00000 0.00000 0.00000 0.97030 0.00000
0.73267 0.95050 1.00000 0.92079 0.38614 0.00000 0.22772 0.59406 0.06931 0.31683 0.72277 0.00000 0.21782 0.72277 0.00000 0.00000 0.00000 0.19802 0.15842 0.65347 0.00990 0.12871 0.12871 0.00000 0.54455
1.00000 0.96040 0.11881 0.84158 0.01980 1.00000 0.87129 0.99010 0.02970 1.00000 0.03960 0.00000 0.00000 0.00990 0.00000 0.00000 0.02970 0.01980 0.88119 0.00000 0.08911 0.09901 0.08911 0.00990 0.06931
0.14851 0.99010 0.84158 0.09901 0.00000 0.80198 0.92079 0.00000 0.87129 0.00990 0.90099 0.86139 0.19802 0.00000 0.03960 0.00000 0.08911 0.00990 0.05941 0.64356 0.00990 0.00000 0.11881 0.21782 0.35644
1.00000 0.69307 0.99010 0.96040 0.96040 0.30693 0.00990 0.00000 0.98020 0.00000 0.99010 0.00990 0.65347 0.30693 0.05941 0.03960 0.00000 0.00000 0.03960 0.00990 0.00000 0.00000 0.05941 0.00000 0.03960
0.89109 0.92079 0.08911 0.80198 0.00000 0.92079 0.02970 0.04950 0.87129 0.00000 0.09901 0.04950 0.23762 0.05941 0.00000 0.06931 0.00000 0.61386 0.13861 0.00000 0.36634 0.09901 0.78218 0.00000 0.08911
0.73267 0.17822 0.51485 0.03960 0.67327 0.26733 0.97030 1.00000 0.59406 0.44554 0.71287 0.09901 0.25743 0.38614 0.02970 0.05941 0.01980 0.39604 0.24752 0.50495 0.20792 0.02970 0.32673 0.02970 0.36634
0.95050 0.00000 0.02970 0.00990 0.00000 1.00000 0.00000 0.00000 1.00000 0.00000 0.00990 0.98020 1.00000 0.00000 0.99010 0.00000 0.00000 0.00000 0.01980 0.00000 0.01980 0.00000 0.01980 0.00990 0.00000
0.00000 0.84158 0.00000 0.00000 1.00000 0.00000 0.00000 1.00000 0.15842 1.00000 0.00000 0.00000 0.00000 1.00000 0.82178 0.00000 0.00000 0.00000 0.09901 0.00000 0.00000 0.00000 0.00000 0.16832 0.06931
0.89109 0.04950 0.99010 1.00000 0.04950 0.00000 0.02970 0.00990 0.02970 0.93069 0.89109 0.00000 0.07921 0.00000 0.00000 0.97030 0.00990 0.00000 0.01980 0.00990 0.00000 0.00000 0.00990 0.00000 0.09901
0.89109 0.94059 0.00000 0.08911 0.00990 0.91089 1.00000 0.00990 0.98020 0.00000 0.00000 0.07921 0.04950 0.02970 0.00000 0.02970 0.00000 0.16832 0.11881 0.00990 0.73267 0.00000 0.06931 0.00000 0.02970
0.97030 0.02970 0.99010 0.98020 0.00990 0.00000 0.00000 0.00000 0.01980 0.00000 0.00990 0.00000 0.91089 0.94059 0.07921 0.03960 0.00000 0.00000 0.00000 0.00990 0.00990 0.00000 0.00000 0.00990 0.00000
0.82178 0.00000 0.06931 0.07921 0.99010 0.00000 0.00000 0.99010 0.00000 1.00000 0.00990 0.00000 0.02970 0.00000 0.00000 0.83168 0.00000 0.00000 0.00990 0.00000 0.16832 0.00000 0.03960 0.00990 0.03960
0.00000 0.00000 0.00000 0.00000 0.00000 0.00000 1.00000 1.00000 0.00000 1.00000 0.00000 1.00000 0.00000 0.00000 0.00000 0.00000 0.00000 0.00000 0.00000 0.00000 0.00000 0.00000 1.00000 0.00000 0.00000
0.73267 0.00000 0.86139 0.21782 0.00000 0.00990 0.95050 0.08911 0.07921 0.00000 0.07921 0.00000 0.08911 0.00000 0.00000 0.07921 0.76238 0.00000 0.05941 0.02970 0.14851 0.07921 0.00990 0.00990 0.01980
0.00000 0.00000 0.00000 0.00000 0.00000 0.00000 1.00000 1.00000 0.00000 0.00000 0.00000 0.00000 0.00000 0.00000 0.00000 0.00000 1.00000 0.00000 0.00000 0.00000 0.00990 0.89109 0.00000 0.00000 0.08911
0.00000 1.00000 0.00000 0.00000 0.00000 0.00000 0.00000 0.00000 0.00000 0.00000 0.00000 0.00000 0.00000 1.00000 0.00000 0.00000 0.00000 0.91089 0.00000 0.00000 0.07921 0.00990 0.00000 0.00000 0.00000
0.23762 0.00000 0.61386 0.97030 0.00000 0.59406 0.09901 0.00000 0.06931 0.00000 0.02970 0.00000 0.09901 0.00000 0.00000 0.00000 0.00000 0.00000 0.11881 0.24752 0.00000 0.00000 0.00000 0.24752 0.00990
