0.00000 0.94059 1.00000 1.00000 1.00000 0.09901 1.00000 0.16832 0.81188 0.06931 0.00000 0.96040 0.82178 0.18812 0.13861 0.01980 0.84158 0.00000 0.07921 0.03960 0.78218 0.77228 0.05941 0.76238 0.00000
0.79208 0.97030 0.00000 0.00000 0.17822 0.81188 0.02970 0.00000 0.85149 1.00000 1.00000 0.99010 0.78218 0.00990 0.99010 0.20792 0.00990 0.07921 0.94059 0.99010 0.00990 0.19802 0.17822 0.08911 0.00000
0.24752 0.00000 0.84158 0.00000 0.00000 0.15842 0.98020 0.76238 0.32673 0.77228 0.61386 0.18812 0.65347 0.00000 1.00000 0.00000 0.16832 0.00990 0.71287 0.94059 0.38614 0.54455 0.17822 0.01980 0.00000
1.00000 1.00000 0.00000 0.00000 0.99010 0.00000 0.00000 0.00000 1.00000 0.97030 0.99010 0.96040 0.14851 0.01980 0.02970 0.00000 0.00990 0.14851 0.97030 0.87129 0.00000 0.00000 0.85149 0.01980 0.00000
1.00000 1.00000 0.00000 1.00000 0.00000 0.97030 0.00000 0.00000 0.96040 0.93069 0.00000 0.02970 0.00990 0.98020 0.00990 0.99010 0.00990 0.00990 0.08911 0.00000 0.02970 0.97030 0.00990 0.96040 0.00000
0.74257 0.19802 0.91089 0.63366 0.20792 0.14851 0.09901 0.92079 0.10891 0.48515 0.20792 0.63366 0.17822 0.00000 0.60396 0.32673 0.05941 0.00000 0.34653 0.09901 0.67327 0.96040 0.00000 0.26733 0.13861
0.00000 0.93069 0.06931 0.01980 1.00000 0.00000 0.93069 0.00000 0.98020 0.99010 0.02970 0.00000 0.06931 0.86139 0.91089 0.04950 0.89109 0.00000 0.99010 0.01980 0.00990 0.00000 0.04950 0.14851 0.00990
0.00000 0.00000 0.05941 0.02970 0.95050 0.04950 0.04950 0.85149 0.00990 0.21782 0.00000 0.00000 0.87129 0.85149 0.76238 0.09901 0.95050 0.09901 0.04950 0.03960 0.93069 0.12871 0.00000 0.74257 0.88119
0.00000 0.00000 1.00000 0.00000 1.00000 1.00000 0.00000 0.00000 0.00000 0.00000 0.02970 1.00000 1.00000 0.00000 0.00000 0.00000 0.00000 0.99010 0.00990 0.95050 0.00990 0.00000 0.99010 0.00000 0.00990
0.00000 0.12871 0.13861 1.00000 0.00000 0.86139 0.85149 0.84158 0.00990 0.77228 0.09901 0.84158 0.04950 0.69307 0.11881 0.19802 0.51485 0.03960 0.14851 0.02970 0.10891 0.06931 0.06931 0.24752 0.01980
1.00000 1.00000 0.00000 0.00000 0.00000 0.99010 0.00000 0.00000 0.01980 0.90099 0.00000 0.00000 0.00000 0.97030 0.04950 0.98020 0.01980 0.00990 0.05941 0.00000 0.00000 0.01980 0.00000 0.93069 0.01980
0.00000 0.99010 0.00000 1.00000 1.00000 0.98020 1.00000 0.00000 0.00000 0.00000 0.00000 0.00990 0.96040 0.00000 0.00990 0.00000 0.00000 0.02970 0.00000 0.02970 0.00000 0.00000 0.95050 0.03960 0.00990
0.00000 0.00990 0.98020 0.99010 0.00000 0.00000 0.00000 0.00000 0.99010 0.12871 0.00000 0.00000 0.00000 0.88119 0.00990 0.95050 0.98020 0.00000 0.85149 0.01980 0.02970 0.00990 0.00000 0.03960 0.02970
0.99010 0.98020 0.00000 0.00990 0.00000 0.97030 0.00000 0.97030 0.00000 0.01980 0.00990 0.00990 0.01980 0.00990 0.00000 0.01980 0.00000 0.97030 0.00000 0.01980 0.00990 0.96040 0.98020 0.00990 0.02970
1.00000 0.00000 0.00000 0.00000 0.00000 0.00990 0.00000 0.00000 0.00000 0.00000 0.92079 0.00000 0.00000 0.93069 0.00000 0.00000 0.00990 0.98020 0.03960 0.03960 0.00000 0.00000 1.00000 0.04950 0.99010
1.00000 0.00000 0.00000 0.00000 0.00000 0.00000 0.00000 0.98020 0.72277 0.00990 0.99010 0.25743 0.00990 0.01980 0.00000 0.00000 0.00000 0.79208 0.24752 0.74257 0.00000 0.03960 0.14851 0.00000 0.01980
0.00000 0.97030 0.00000 0.02970 0.00000 0.01980 0.00000 0.86139 0.93069 0.05941 0.00000 0.83168 0.00000 0.00000 0.00000 0.91089 0.00990 0.04950 0.07921 0.10891 0.11881 0.04950 0.00000 0.02970 0.01980
1.00000 0.00000 0.00000 1.00000 0.00000 0.00000 0.00000 0.99010 0.00000 0.00000 0.00000 0.00000 0.00000 0.02970 0.00000 0.96040 0.00000 0.00990 0.00000 0.00000 0.00990 0.00000 0.00000 0.01980 0.95050
1.00000 0.00000 1.00000 0.00000 1.00000 0.00000 1.00000 0.00000 0.00000 0.00000 0.00000 0.00000 0.00000 0.00000 0.00000 0.00000 0.00000 0.00000 0.00000 0.00000 0.00000 0.00000 0.00000 0.00000 0.00000
0.00000 0.00000 0.00000 0.00000 0.00000 0.97030 0.00000 0.00000 0.00000 0.00000 0.00000 0.99010 0.00000 0.00000 0.00990 0.00000 0.00000 0.96040 0.00000 0.01980 0.00000 0.00990 0.04950 0.01980 0.95050
0.00000 0.00000 1.00000 0.00000 0.00000 0.00000 1.00000 1.00000 0.00000 0.00000 0.00000 0.00000 0.00000 0.00000 0.00000 0.00000 0.00000 0.00000 0.00000 0.00000 1.00000 0.00000 0.00000 0.00000 0.00000
0.00000 0.00000 1.00000 1.00000 1.00000 0.00000 0.00000 0.00000 0.00000 0.00000 0.00000 0.00000 0.00000 0.00000 0.00000 0.00000 1.00000 0.00000 0.00000 0.00000 0.00000 0.00000 0.00000 0.00000 0.00000
1.00000 0.00000 0.00000 0.00000 0.00000 0.00000 1.00000 0.00000 0.00000 0.00000 0.99010 0.00000 0.00000 0.00000 0.00000 0.00000 0.00000 0.00000 0.00000 0.00990 0.00000 0.00000 0.00000 0.00000 0.00000
0.00000 1.00000 0.00000 1.00000 0.00000 0.00000 1.00000 0.00000 0.00000 0.00000 0.00000 0.00000 0.00000 0.00000 0.00000 0.00000 0.00000 0.00990 0.00000 0.00000 0.00000 0.00000 0.00000 0.00000 0.00000
1.00000 0.00000 0.00000 0.00000 0.97030 0.00000 0.00000 0.00000 0.00000 0.00000 0.00000 0.00000 0.00000 0.00000 0.00000 0.00000 0.02970 0.00990 0.00990 0.00000 0.00000 0.00000 0.01980 0.00000 0.00000
