1.00000 1.00000 1.00000 1.00000 1.00000 1.00000 1.00000 1.00000 1.00000 1.00000 1.00000 1.00000 1.00000 1.00000 0.52475 0.46535 0.42574 0.47525 0.58416 0.48515 0.54455 0.00000 0.00000 0.00000 0.00000
0.99010 0.32673 1.00000 0.97030 1.00000 0.96040 0.49505 0.86139 0.80198 0.77228 0.74257 0.73267 0.06931 0.74257 0.00990 0.51485 0.67327 0.70297 0.00990 0.82178 0.00000 0.00000 0.00000 0.80198 0.00000
0.97030 0.00000 0.00000 0.51485 0.02970 0.45545 0.32673 0.00000 0.00990 0.01980 0.01980 0.00990 0.23762 0.00000 0.00990 0.00000 0.00000 0.45545 0.01980 0.01980 0.64356 0.00000 0.00000 0.27723 0.00000
0.00000 0.18812 0.80198 0.82178 0.20792 0.09901 0.09901 0.02970 0.00990 0.00990 0.01980 0.02970 0.01980 0.00990 0.00000 0.00000 0.00990 0.00000 0.00000 0.78218 0.66337 0.00000 0.00000 0.19802 0.00000
1.00000 0.53465 0.40594 0.00000 0.00000 0.00000 0.00000 0.45545 0.00000 0.02970 0.01980 0.00000 0.00000 0.00000 0.00000 0.00000 0.05941 0.45545 0.00000 0.00000 0.53465 0.00000 0.00000 0.53465 0.00000
0.00000 0.79208 0.86139 0.00000 0.11881 0.00000 0.00000 0.00000 0.00000 0.00990 0.00000 0.00000 0.00000 0.00000 0.00000 0.00000 0.00000 0.07921 0.00000 0.19802 0.16832 0.00000 0.00000 0.79208 0.00000
1.00000 0.00000 0.00000 0.00990 0.00000 0.00000 0.39604 0.00000 0.01980 0.02970 0.00000 0.00000 0.00000 0.02970 0.00000 0.00000 0.00000 0.00000 0.00000 0.00000 0.51485 0.00000 0.00000 1.00000 0.00000
0.00000 0.57426 0.40594 0.00000 0.37624 0.00000 0.00000 0.00000 0.00000 0.00000 0.00000 0.00000 0.00000 0.02970 0.00000 0.00000 0.00990 0.05941 0.00000 0.00000 0.56436 0.00000 0.00000 0.00000 0.00000
1.00000 0.00000 0.00000 0.00000 0.00000 0.00000 0.00000 0.00000 0.00000 0.00000 0.00000 0.00000 0.00000 0.00000 0.00000 0.00000 0.00000 0.00000 0.00000 0.00000 0.00000 0.00000 0.00000 1.00000 0.00000
0.00000 1.00000 0.88119 0.00000 0.00000 0.00000 0.00000 0.00000 0.00000 0.00000 0.00000 0.00000 0.00000 0.00000 0.00000 0.00000 0.05941 0.00000 0.00000 0.00000 0.09901 0.00000 0.00000 0.00000 0.00000
1.00000 0.00000 0.00000 0.00000 0.00000 0.00000 0.00000 0.00000 0.00000 0.00000 0.00000 0.00000 0.00000 0.00000 0.00000 0.00000 0.00000 0.00000 0.00000 0.00000 0.00000 0.00000 0.00000 1.00000 0.00000
0.00000 0.00000 0.00000 1.00000 0.00000 0.00000 0.21782 0.00000 0.00000 0.00000 0.00000 0.00000 0.00000 0.00000 0.00000 0.53465 0.00000 0.00000 0.00000 0.00000 0.44554 0.00000 0.00000 0.00000 0.00000
1.00000 0.00000 0.00000 0.00000 0.88119 0.00000 0.00000 0.00000 0.00000 0.00000 0.00000 0.00000 0.00000 0.00000 0.00000 0.00000 0.00000 0.07921 0.00000 0.00000 0.07921 0.00000 0.00000 0.00000 0.00000
0.00000 0.00000 0.00000 0.00000 0.00000 0.00000 0.00000 0.00000 0.01980 0.00990 0.00000 0.00990 0.00000 0.04950 0.00000 0.00000 0.00000 0.00000 0.00000 0.00000 0.91089 0.00000 0.00000 0.00000 0.00000
1.00000 0.00000 0.00000 0.00000 0.00000 0.00000 0.00000 0.00000 0.00000 0.00000 0.00000 0.00000 0.00000 0.00000 0.00000 0.00000 0.00000 0.00000 0.00000 0.00000 0.00000 0.00000 0.00000 0.00000 0.00000
0.00000 0.00000 0.00000 0.00000 0.00000 0.00000 0.00000 0.00000 0.02970 0.01980 0.04950 0.03960 0.00000 0.03960 0.00000 0.00000 0.00000 0.00000 0.00000 0.00000 0.82178 0.00000 0.00000 0.00000 0.00000
0.00000 0.00000 0.00000 0.00000 0.00000 0.00000 0.00000 0.00000 0.01980 0.01980 0.02970 0.02970 0.00000 0.00000 0.00000 0.00000 0.00000 0.00000 0.00000 0.00000 0.90099 0.00000 0.00000 0.00000 0.00000
0.00000 0.00000 0.00000 0.00000 0.00000 0.00000 0.00000 0.00000 0.00000 0.00000 0.00000 0.00000 0.00000 0.00000 0.00000 0.00000 0.00000 0.00000 0.00000 0.00000 0.00000 0.00000 0.00000 0.00000 0.00000
0.00000 0.00000 0.00000 0.00000 0.00000 0.00000 0.00000 0.00000 0.00000 0.00000 0.00000 0.00000 0.00000 0.00000 0.00000 0.00000 0.00000 0.00000 0.00000 0.00000 0.00000 0.00000 0.00000 0.00000 0.00000
0.00000 0.00000 0.00000 0.00000 0.00000 0.00000 0.00000 0.24752 0.00000 0.00000 0.00000 0.00000 0.00000 0.00000 0.00000 0.00000 0.00000 0.00000 0.00000 0.46535 0.48515 0.00000 0.00000 0.00000 0.00000
0.00000 0.00000 0.00000 0.00990 0.00000 0.37624 0.00000 0.00000 0.00000 0.00990 0.00000 0.00990 0.00000 0.00990 0.00000 0.00000 0.00000 0.00000 0.00000 0.00000 0.58416 0.00000 0.00000 0.00000 0.00000
0.00000 0.00000 0.00000 0.00000 0.00000 0.00000 0.00000 0.00000 0.00000 0.00000 0.00000 0.00000 0.49505 0.00000 0.00000 0.00000 0.00000 0.00000 0.00000 0.00000 0.00000 0.00000 0.00000 0.50495 0.00000
0.00000 0.00000 0.00000 0.00000 0.00000 0.00000 0.00000 0.00000 0.00990 0.01980 0.01980 0.01980 0.00000 0.03960 0.00000 0.00000 0.00000 0.00000 0.00000 0.00000 0.89109 0.00000 0.00000 0.00000 0.00000
0.00000 0.00000 0.00000 0.00000 0.00000 0.00000 0.00000 0.00000 0.00000 0.00000 0.00000 0.00000 0.00000 0.00000 0.00000 0.00000 0.00000 0.00000 0.00000 0.00000 0.00000 0.00000 0.00000 0.00000 0.00000
0.00000 0.00000 0.00000 0.00000 0.00000 0.00000 0.00000 0.00000 0.03960 0.01980 0.02970 0.01980 0.00000 0.04950 0.00000 0.00000 0.00000 0.00000 0.00000 0.00000 0.84158 0.00000 0.00000 0.00000 0.00000
