1.00000 1.00000 1.00000 0.00000 1.00000 1.00000 1.00000 1.00000 1.00000 0.00000 0.00000 0.00000 0.33663 1.00000 0.43564 0.00000 0.31683 0.55446 0.47525 0.00000 0.00000 0.00000 0.00000 0.00000 0.00000
0.24752 1.00000 0.00000 1.00000 0.71287 0.00000 0.02970 0.00000 0.26733 0.00000 0.00000 0.00000 0.00000 0.00990 0.00000 0.86139 0.00000 0.02970 0.00000 0.00990 0.07921 0.71287 0.75248 0.00000 0.75248
0.85149 1.00000 1.00000 0.05941 0.00000 0.85149 0.05941 0.00000 0.00000 0.00000 0.00000 0.08911 0.00000 0.00000 0.00000 0.12871 0.00000 0.14851 0.00000 0.00000 0.04950 0.00000 0.14851 0.00000 0.00000
0.99010 0.00990 0.00000 0.00000 0.47525 0.00000 0.46535 0.05941 0.46535 0.15842 0.00000 0.00000 0.00000 0.42574 0.00000 0.00000 0.47525 0.53465 0.00000 0.00990 0.00000 0.36634 0.00990 0.00000 0.00000
0.00000 0.00000 0.72277 0.27723 0.00000 0.27723 0.40594 0.72277 0.00000 0.00000 0.00000 0.59406 0.57426 0.00000 0.03960 0.00000 0.05941 0.06931 0.05941 0.00000 0.00000 1.00000 0.00000 0.00000 0.00000
0.00000 0.00000 0.00000 1.00000 0.21782 0.00000 0.05941 0.00000 0.57426 0.00000 0.00000 0.64356 0.14851 0.03960 0.00000 0.00000 0.66337 0.71287 0.00000 1.00000 0.21782 0.21782 0.00000 0.00000 0.00000
0.00000 0.58416 0.41584 0.00000 0.00000 0.18812 0.00000 0.00000 0.00000 0.00000 0.00000 0.00000 0.00000 0.00000 0.00000 0.19802 0.58416 0.00000 0.00000 0.00000 0.18812 0.22772 0.00000 0.00000 0.81188
0.81188 1.00000 0.00000 0.00000 0.00000 0.00000 0.03960 0.00000 0.00000 0.00000 1.00000 0.09901 0.00000 0.03960 0.00000 0.26733 0.00000 0.13861 0.00000 0.00000 0.50495 0.00000 0.18812 0.00000 0.18812
0.89109 1.00000 0.87129 0.99010 0.00000 0.00000 0.10891 0.00990 0.00000 0.00000 0.00000 0.00000 0.00000 0.00000 0.00000 0.08911 0.00990 0.10891 0.00000 0.00000 0.07921 0.00000 0.10891 0.00000 0.12871
0.79208 0.02970 0.00000 0.00000 0.34653 0.00000 0.18812 0.00000 0.65347 0.00000 0.00000 0.67327 0.00000 0.00000 0.00000 0.06931 0.00000 0.00000 0.00000 0.00000 0.00000 0.31683 0.20792 0.00000 0.17822
1.00000 0.00000 0.00000 1.00000 0.00000 0.00000 0.26733 0.00000 0.00000 0.00000 0.00000 0.40594 0.08911 0.11881 0.00000 0.00000 0.45545 0.00000 0.00000 0.00000 0.00000 0.00000 0.00000 0.00000 0.00000
0.00000 0.00000 0.00000 1.00000 0.00000 0.00000 0.00000 0.33663 0.35644 0.00000 0.00000 0.00000 0.08911 0.00000 0.00000 0.00000 0.43564 0.00000 0.00000 0.29703 0.00000 0.00000 0.00000 0.00000 0.00000
0.00000 0.00000 0.00000 0.00000 0.78218 0.00000 0.00000 0.49505 0.52475 0.00000 0.00000 0.09901 0.00000 0.05941 0.00000 0.00000 0.00000 0.12871 0.00000 0.20792 0.26733 0.00000 0.00000 0.00000 0.00000
0.00000 0.00000 0.96040 0.98020 0.00000 0.00000 0.00000 0.01980 0.00000 0.00000 0.00000 0.00000 0.00000 0.00000 0.00000 0.00000 0.01980 0.00000 0.00000 0.00000 0.02970 0.00000 0.00000 0.00000 0.03960
0.00000 1.00000 1.00000 0.00000 0.00000 0.00000 0.00000 0.00000 0.00000 0.00000 0.00000 0.00000 0.00000 0.00000 0.00000 0.00000 0.00000 0.00000 0.00000 0.00000 0.00000 0.00000 0.00000 0.00000 0.00000
0.00000 0.00000 0.00000 0.00000 0.00000 0.00000 0.00000 0.00000 0.00000 0.00000 1.00000 0.00000 0.28713 0.00000 0.00000 0.00000 0.32673 0.00000 0.00000 0.00000 0.00000 0.00000 0.00000 0.00000 0.00000
1.00000 0.00000 0.00000 0.00000 0.00000 0.00000 0.00000 0.00000 0.00000 0.00000 0.00000 0.00000 0.00000 0.00000 0.00000 0.00000 0.00000 0.00000 0.00000 0.00000 0.00000 0.00000 0.00000 0.00000 0.00000
0.00000 0.00000 0.00000 0.00000 0.00000 0.00000 0.00000 0.00000 0.00000 0.00000 0.00000 1.00000 0.00000 0.00000 0.00000 0.00000 0.00000 0.00000 0.00000 0.00000 0.00000 0.00000 0.00000 0.00000 0.00000
0.00000 0.00000 0.00000 0.00000 0.00000 0.00000 0.00000 0.00000 0.00000 0.32673 0.00000 0.00000 0.00000 0.35644 0.00000 0.00000 0.00000 0.00000 0.00000 0.00000 0.00000 0.67327 0.00000 0.00000 0.00000
0.00000 0.00000 0.00000 0.00000 0.00000 0.00000 0.00000 0.00000 0.00000 0.00000 0.00000 0.00000 0.00000 0.00000 0.00000 0.00000 0.00000 0.00000 0.00000 0.00000 0.00000 1.00000 0.00000 0.00000 0.00000
0.00000 1.00000 0.00000 0.00000 0.00000 0.00000 0.00000 0.00000 0.00000 0.00000 0.00000 0.00000 0.00000 0.00000 0.00000 0.00000 0.00000 0.00000 0.00000 0.00000 0.00000 0.00000 0.00000 0.00000 0.00000
0.00000 0.00000 0.00000 0.00000 0.00000 0.00000 0.00000 0.00000 0.00000 0.00000 0.00000 0.00000 0.00000 0.00000 0.00000 0.00000 0.00000 0.00000 0.00000 0.00000 0.00000 0.00000 0.00000 0.00000 0.00000
0.00000 0.00000 0.00000 0.00000 0.00000 0.00000 0.00000 0.00000 0.00000 0.00000 1.00000 0.00000 0.00000 0.00000 0.00000 0.00000 0.00000 0.00000 0.00000 0.00000 0.00000 0.00000 0.00000 0.00000 0.00000
0.00000 0.00000 0.00000 0.00000 0.00000 0.32673 0.00000 0.00000 0.00000 0.00000 0.00000 0.00000 0.00000 0.00000 0.00000 0.23762 0.00000 0.00000 0.00000 0.00000 0.24752 0.67327 0.00000 0.00000 0.67327
0.00000 0.00000 0.00000 0.00000 0.00000 0.00000 0.00000 0.00000 0.00000 0.00000 0.00000 0.00000 0.00000 0.00000 0.00000 0.00000 0.00000 0.00000 0.00000 0.00000 0.00000 1.00000 0.00000 0.00000 0.00000
