0.22772 0.22772 0.72277 0.64356 0.33663 0.91089 0.92079 0.20792 0.64356 0.04950 0.87129 0.45545 0.76238 0.45545 0.20792 0.90099 0.57426 0.83168 0.34653 0.35644 0.47525 0.87129 0.21782 0.70297 0.33663
1.00000 0.95050 0.09901 0.09901 0.18812 0.53465 0.56436 0.91089 0.10891 0.16832 0.78218 0.94059 0.18812 0.50495 0.72277 0.11881 0.54455 1.00000 0.39604 0.25743 0.22772 0.24752 0.25743 0.11881 0.38614
0.94059 0.11881 0.85149 0.60396 0.23762 0.62376 0.53465 0.05941 0.83168 0.00000 0.13861 0.57426 0.11881 0.44554 0.43564 0.87129 1.00000 0.00990 0.01980 0.95050 0.56436 0.02970 0.08911 0.66337 0.67327
0.00990 0.08911 0.97030 0.98020 0.91089 0.98020 0.00000 0.24752 0.94059 0.01980 0.26733 0.97030 0.00000 0.00000 0.67327 0.83168 0.93069 0.01980 0.20792 0.01980 0.00990 0.68317 0.06931 0.97030 0.95050
0.32673 0.87129 0.00000 0.12871 0.99010 0.87129 0.98020 0.65347 0.99010 0.17822 0.07921 0.76238 0.93069 0.98020 0.09901 0.00000 0.30693 0.06931 0.89109 0.01980 0.67327 0.69307 0.24752 0.00000 0.11881
0.99010 0.96040 0.25743 0.00000 0.95050 0.75248 0.67327 0.35644 0.90099 0.71287 1.00000 0.06931 0.93069 0.03960 0.03960 0.02970 0.03960 0.64356 0.07921 0.67327 0.34653 0.94059 0.32673 0.00000 0.05941
0.00990 0.64356 0.93069 0.90099 0.76238 0.16832 0.66337 1.00000 0.20792 0.97030 0.29703 0.00000 0.32673 0.79208 0.97030 0.14851 0.18812 0.19802 0.13861 0.75248 0.15842 0.03960 0.91089 0.56436 0.10891
1.00000 0.00000 1.00000 0.21782 0.17822 0.61386 0.56436 0.00000 0.19802 0.00000 0.95050 0.82178 0.20792 0.00000 0.09901 0.99010 0.77228 0.00000 0.93069 0.21782 0.46535 0.97030 0.00000 0.77228 0.80198
0.00000 1.00000 1.00000 0.00000 0.00000 1.00000 1.00000 1.00000 1.00000 1.00000 0.00000 0.00000 0.00000 0.00000 0.00000 0.00000 1.00000 0.00000 0.00000 1.00000 1.00000 0.00000 1.00000 0.00000 0.00000
0.04950 1.00000 0.99010 0.00990 0.05941 1.00000 0.00990 0.97030 0.93069 1.00000 0.93069 0.00000 0.00000 0.00000 0.99010 0.97030 0.00990 0.01980 0.00000 1.00000 0.00000 0.00990 0.97030 0.01980 0.00000
0.92079 1.00000 0.96040 0.00000 0.98020 0.98020 0.00000 0.99010 1.00000 1.00000 0.00000 0.01980 0.00000 0.00000 0.97030 0.00000 0.00000 1.00000 0.07921 0.09901 0.00000 0.01980 1.00000 0.00000 0.03960
0.80198 0.11881 0.58416 0.97030 0.98020 0.00990 0.92079 0.19802 0.03960 0.36634 0.03960 0.82178 0.18812 1.00000 0.96040 0.00990 0.00000 0.18812 0.22772 0.01980 0.36634 0.31683 0.42574 0.11881 0.18812
0.98020 0.00000 0.00990 0.00000 1.00000 0.99010 1.00000 0.00990 1.00000 0.00000 1.00000 0.00990 0.00990 0.99010 0.98020 0.00000 0.00000 0.00990 1.00000 0.00000 0.99010 0.00000 0.00000 0.00990 0.00000
1.00000 0.00990 0.74257 0.74257 0.13861 0.39604 0.49505 0.14851 0.53465 0.01980 0.06931 0.60396 0.35644 0.08911 0.28713 0.05941 0.68317 0.68317 0.99010 0.15842 0.95050 0.34653 0.10891 0.25743 0.33663
0.05941 0.99010 0.59406 0.41584 0.43564 0.41584 0.00000 0.98020 0.10891 0.54455 0.01980 0.88119 0.17822 0.00990 0.97030 0.90099 0.00990 0.92079 0.00000 0.41584 0.00990 0.00990 0.96040 0.08911 0.04950
0.07921 0.92079 0.00990 0.78218 0.72277 0.05941 0.58416 0.03960 0.23762 0.69307 0.55446 0.45545 0.62376 0.11881 0.01980 0.29703 0.48515 0.57426 0.31683 0.14851 0.43564 0.47525 0.29703 0.06931 0.20792
0.00000 0.00000 0.00000 0.98020 1.00000 0.11881 0.00990 0.00000 0.87129 0.00000 0.99010 1.00000 0.98020 1.00000 0.99010 0.00000 0.02970 0.00990 1.00000 0.01980 0.00000 0.00000 0.00990 0.99010 0.00990
0.98020 0.21782 0.01980 0.00000 0.01980 0.00000 0.98020 1.00000 0.00000 0.78218 0.00000 0.00990 0.00000 0.98020 0.99010 0.00000 0.00000 1.00000 1.00000 0.01980 0.98020 0.00000 0.98020 0.00000 0.00000
0.02970 0.89109 0.00990 0.06931 0.02970 0.10891 0.92079 0.10891 0.01980 0.72277 0.99010 0.05941 0.94059 0.00000 0.00000 0.86139 0.96040 0.00000 0.01980 1.00000 0.87129 0.07921 0.30693 0.83168 0.13861
0.75248 0.35644 0.04950 0.96040 0.00000 0.00990 0.02970 0.57426 0.00990 0.04950 0.02970 0.84158 0.61386 0.04950 0.00990 0.96040 0.92079 0.17822 0.16832 0.97030 0.05941 0.03960 0.00000 0.98020 0.23762
0.73267 0.71287 0.00990 0.00990 0.84158 0.12871 0.20792 0.92079 0.93069 0.78218 0.07921 0.12871 0.07921 0.09901 0.02970 0.00000 0.82178 0.17822 0.75248 0.10891 0.08911 1.00000 0.28713 0.06931 0.01980
0.94059 0.70297 0.00990 0.11881 0.06931 0.95050 0.00990 0.06931 0.96040 0.34653 0.00000 0.87129 0.99010 0.78218 0.01980 0.06931 0.00000 0.78218 0.16832 0.78218 0.07921 0.00990 0.08911 0.01980 0.00000
0.88119 0.17822 0.87129 0.83168 0.05941 0.12871 0.83168 0.78218 0.00000 0.24752 0.95050 0.06931 0.11881 0.02970 0.01980 0.71287 0.22772 0.04950 0.07921 0.72277 0.00990 0.63366 0.08911 0.22772 0.33663
0.00000 0.77228 0.01980 0.73267 0.89109 0.02970 0.21782 0.63366 0.17822 0.49505 0.32673 0.00990 0.43564 0.25743 0.32673 0.09901 0.42574 0.01980 0.39604 0.51485 0.17822 0.97030 0.63366 0.25743 0.24752
1.00000 0.00000 1.00000 1.00000 0.00000 0.00990 0.00000 0.00000 0.00000 0.00000 0.99010 0.99010 0.00000 0.00990 0.99010 0.00990 0.00000 1.00000 1.00000 0.00000 0.00000 0.00000 0.00000 1.00000 0.00000
