1.00000 1.00000 1.00000 1.00000 1.00000 1.00000 1.00000 1.00000 1.00000 1.00000 1.00000 1.00000 1.00000 1.00000 1.00000 0.00000 0.00000 0.53465 0.49505 0.00000 0.00000 0.00000 0.00000 1.00000 0.00000
0.00000 0.83168 0.14851 0.70297 1.00000 0.00990 0.99010 0.99010 1.00000 0.99010 0.00990 1.00000 0.17822 1.00000 0.97030 1.00000 0.03960 0.07921 0.28713 0.85149 0.46535 0.16832 0.29703 0.00000 0.00000
0.75248 0.00000 0.78218 0.00000 0.00000 0.00000 0.00000 0.01980 0.00000 0.00000 0.00000 0.00000 0.21782 0.00000 0.00000 0.32673 0.19802 0.14851 0.09901 0.02970 0.30693 0.00000 0.00000 0.00000 0.24752
0.44554 0.54455 0.00000 0.00000 0.26733 0.00000 0.00000 0.43564 0.00000 0.00990 0.55446 0.00990 0.00000 0.00990 0.02970 0.00000 0.55446 0.00990 0.43564 0.16832 0.56436 0.45545 0.00000 0.38614 0.55446
0.00000 0.00000 0.85149 0.78218 0.00000 0.00000 0.00000 0.00000 0.00000 0.00000 0.00000 0.00000 0.00000 0.00000 0.00990 0.10891 0.39604 0.07921 0.10891 0.19802 0.22772 0.00000 0.21782 0.00000 0.00000
0.42574 0.00000 0.00000 0.30693 0.00000 0.00000 0.00000 0.00000 0.00000 0.00000 0.00000 0.00000 0.54455 0.00000 0.00000 0.64356 0.16832 0.06931 0.05941 0.05941 0.04950 0.00000 0.69307 0.56436 0.57426
0.00000 0.00000 0.00000 1.00000 0.00000 0.00000 0.00000 0.00000 0.00000 0.00000 0.00000 0.00000 0.00000 0.00000 0.00000 0.00000 0.00000 0.00000 0.00000 0.00000 0.00000 0.00000 0.00000 0.00000 0.00000
0.00000 0.00000 0.00000 0.00000 0.00000 0.00000 0.39604 0.00000 0.05941 0.00990 0.01980 0.01980 0.01980 0.93069 0.02970 0.00000 0.51485 0.00000 0.00000 0.00000 0.00000 0.00000 0.00000 0.00000 0.00000
0.00000 0.00000 0.00000 0.00000 0.00000 0.00000 0.50495 0.00000 0.43564 0.05941 0.03960 0.03960 0.00990 0.04950 0.04950 0.00000 0.81188 0.00000 0.00000 0.00000 0.00000 0.00000 0.00000 0.00000 0.00000
0.00000 0.86139 0.00000 0.00000 0.00000 0.00000 0.00000 0.00000 0.00000 0.00000 0.00000 0.00000 0.13861 0.00000 0.00000 0.00000 0.00000 0.00000 0.05941 0.00000 0.00000 0.00000 0.00000 0.00000 0.00000
0.00000 0.45545 0.00000 0.00000 0.05941 0.00000 0.00000 0.00000 0.00000 0.00000 0.00000 0.00000 0.54455 0.00000 0.00000 0.11881 0.19802 0.04950 0.13861 0.13861 0.14851 0.54455 0.00000 0.00000 0.00000
0.00000 0.00000 0.00000 0.00000 0.00000 0.89109 0.38614 0.00000 0.27723 0.00990 0.00990 0.00000 0.00990 0.00000 0.10891 0.00990 0.23762 0.00000 0.00990 0.00990 0.00990 0.00000 0.00000 0.00000 0.00000
0.00000 0.26733 0.00000 0.00000 0.39604 0.00000 0.00000 0.00000 0.00000 0.00000 0.00990 0.00000 0.73267 0.00000 0.00000 0.00000 0.42574 0.00000 0.52475 0.00000 0.00000 0.73267 0.00000 0.00000 0.00000
0.00000 0.00000 0.00000 0.00000 0.00000 0.00000 0.00000 0.67327 0.00000 0.00990 0.00990 0.04950 0.33663 0.00000 0.00990 0.06931 0.65347 0.06931 0.00990 0.00990 0.04950 0.00000 0.00000 0.00000 0.00000
0.95050 0.00000 0.00000 0.00000 0.00000 0.00000 0.00000 0.00000 0.00000 0.00000 0.00000 0.00000 0.00000 0.00000 0.00000 0.00000 0.00000 0.00000 0.00000 0.00000 0.04950 0.00000 0.00000 0.04950 0.00000
0.00000 0.00000 0.30693 0.00000 0.00000 0.00000 0.00000 0.34653 0.00000 0.00000 0.36634 0.00000 0.28713 0.00000 0.00000 0.68317 0.03960 0.00000 0.00000 0.00000 0.00000 0.00000 0.00000 0.69307 0.00000
0.00000 0.00000 0.00000 0.00000 0.00000 1.00000 0.00000 0.00000 0.00000 0.01980 0.04950 0.00990 0.02970 0.02970 0.02970 0.00000 0.83168 0.00000 0.00000 0.00000 0.00000 0.00000 0.00000 0.00000 0.00000
0.00000 0.00000 0.80198 0.00000 0.00000 0.00000 0.00000 0.00000 0.00000 0.00000 0.00000 0.00000 0.00000 0.00000 0.00000 0.11881 0.14851 0.00000 0.00000 0.00000 0.00000 0.00000 0.00000 0.19802 0.00000
0.00000 0.00000 0.00000 0.00000 0.00000 0.00000 0.00000 0.00000 0.00000 0.03960 0.05941 0.01980 0.03960 0.03960 0.02970 0.00000 0.77228 0.00000 0.00000 0.00000 0.00000 0.00000 0.00000 0.00000 0.00000
0.37624 0.00000 0.00000 0.00000 0.00000 0.00000 0.00000 0.00000 0.00000 0.00000 0.00000 0.00000 0.00000 0.00000 0.00000 0.00000 0.00000 0.00000 0.00000 0.00000 0.62376 0.00000 0.00000 0.62376 0.62376
0.00000 0.00000 0.00000 1.00000 0.00000 0.00000 0.00000 0.00000 0.00000 0.00000 0.00000 0.00000 0.00000 0.00000 0.00000 0.00000 0.00000 0.00000 0.00000 0.00000 0.00000 0.00000 0.00000 0.00000 0.00000
0.00000 0.00000 0.00000 0.00000 0.00000 0.97030 0.00000 0.00000 0.00000 0.00000 0.00000 0.00000 0.00000 0.00000 0.02970 0.00000 0.00000 0.00000 0.00000 0.00000 0.00000 0.00000 0.00000 0.00000 0.00000
0.00000 0.00000 0.00000 0.00000 0.41584 0.00000 0.00000 0.00000 0.00000 0.00990 0.03960 0.01980 0.01980 0.01980 0.02970 0.00000 0.44554 0.00000 0.00000 0.00000 0.00000 0.00000 0.00000 0.00000 0.00000
0.00000 0.00000 0.00000 0.00000 0.00000 0.00000 0.00000 0.00000 0.00000 0.01980 0.00990 0.00990 0.04950 0.01980 0.04950 0.00000 0.84158 0.00000 0.00000 0.00000 0.00000 0.00000 0.00000 0.00000 0.00000
0.00000 0.00000 0.00000 0.00000 0.00000 0.00000 0.00000 0.00000 0.00000 0.00000 0.00000 0.00000 0.00000 0.00000 0.00000 0.10891 0.13861 0.13861 0.14851 0.10891 0.16832 0.00000 0.00000 0.00000 0.00000
