# File created on Wed Mar  4 15:39:19 2020
0 0 0 0 1 1 0 0 1 0 0 0 0 1 0 0 0 1 0 0 0 0 1 0 0 
1 0 0 1 0 0 0 1 0 1 0 0 0 1 0 1 1 1 0 0 0 0 1 0 0 
0 0 1 1 0 0 1 0 0 1 0 0 0 1 0 1 0 0 0 1 1 1 0 0 0 
1 0 1 0 0 0 1 0 0 0 1 1 1 0 0 1 0 0 1 1 0 0 0 0 0 
0 0 0 1 0 0 0 0 0 0 0 0 1 0 0 1 0 0 0 0 1 0 1 1 0 
1 0 1 1 0 0 0 0 0 0 0 0 0 0 0 0 1 0 0 0 0 1 0 1 0 
0 0 0 0 1 0 0 0 1 0 0 0 0 1 0 0 1 0 1 0 0 0 0 0 0 
0 0 0 0 0 1 1 0 0 0 0 1 0 0 0 0 1 1 0 0 0 0 0 0 0 
0 0 0 0 0 1 1 0 1 0 0 0 1 0 0 1 1 0 0 0 0 0 0 0 1 
1 0 1 0 0 0 1 0 0 1 1 0 0 0 0 0 0 0 0 0 1 1 1 0 1 
0 1 0 0 1 0 0 0 0 0 0 1 0 1 0 0 0 0 0 0 0 0 0 0 0 
1 0 1 0 1 0 1 0 0 0 0 0 0 1 0 0 0 1 0 1 0 1 0 1 0 
0 1 0 0 0 0 0 0 0 0 1 0 0 0 0 0 0 0 1 1 0 0 0 0 0 
1 0 0 0 1 0 0 1 0 0 1 0 0 0 1 1 0 1 0 0 1 0 0 0 1 
0 0 0 0 0 0 0 0 0 1 0 1 1 0 0 1 0 0 0 1 0 1 1 0 1 
0 0 0 0 0 0 1 0 0 0 0 0 1 0 0 1 0 0 0 0 0 0 0 0 0 
0 0 1 0 1 0 0 0 0 0 0 1 0 1 0 1 0 1 0 1 1 0 0 0 0 
1 0 0 0 0 0 1 1 0 0 0 0 1 0 0 0 1 1 0 0 1 0 0 0 1 
1 0 0 0 0 0 1 0 0 0 1 0 0 0 0 0 0 1 0 0 0 0 0 1 1 
0 0 0 0 0 0 0 1 0 0 1 1 0 0 0 0 0 1 0 0 0 1 0 0 0 
0 1 0 0 0 0 0 0 0 0 0 0 0 0 0 1 0 1 1 1 0 0 0 0 0 
0 1 0 0 0 0 1 1 0 0 0 1 0 0 1 0 0 0 0 1 0 1 0 0 0 
0 0 0 1 0 0 1 1 0 0 1 0 0 0 0 0 0 0 1 0 0 0 1 1 0 
0 0 1 0 1 0 0 0 0 1 0 1 0 0 1 1 0 1 0 1 1 1 1 1 1 
0 0 0 0 0 0 1 0 0 0 1 0 0 1 0 1 1 1 0 0 1 1 1 1 0 
0 0 0 1 0 1 0 0 0 0 1 0 0 0 1 1 0 1 0 0 0 0 1 0 0 
1 0 1 0 1 1 1 0 1 1 0 1 0 0 1 1 0 1 0 1 0 0 0 0 0 
0 0 0 0 0 1 0 0 0 0 0 0 0 1 0 0 1 1 0 0 0 0 0 1 1 
0 0 0 0 0 0 0 1 1 0 0 0 1 0 0 1 1 0 0 0 0 0 0 0 1 
1 0 1 0 0 0 0 0 0 0 0 0 0 0 0 1 0 0 0 0 1 1 0 0 1 
1 0 0 1 1 0 1 0 0 0 0 1 0 0 0 0 0 1 1 0 0 1 0 0 0 
0 0 0 0 0 0 1 0 0 0 1 1 0 0 1 0 1 0 0 0 0 0 1 0 0 
0 0 0 1 0 0 0 0 1 1 0 0 1 0 0 1 0 0 0 0 0 0 1 1 1 
0 0 0 1 0 0 0 0 0 0 0 1 0 0 0 0 0 1 0 0 0 0 0 0 0 
1 0 1 0 0 0 0 0 1 0 1 0 0 0 0 0 0 0 0 0 0 1 1 0 0 
0 0 0 1 1 0 0 1 0 1 0 0 0 0 0 0 0 1 0 0 0 1 0 0 0 
0 0 0 0 0 0 1 1 1 0 1 1 0 1 0 0 0 0 1 0 1 0 1 1 1 
0 0 0 0 0 0 0 0 0 1 0 0 0 0 0 0 0 0 0 0 0 1 0 0 0 
0 0 1 0 0 0 1 0 0 0 1 0 0 0 0 0 0 0 0 0 0 0 1 0 1 
0 0 0 0 0 0 0 0 0 0 0 1 0 0 0 0 1 0 0 0 0 0 1 0 0 
1 1 0 0 0 1 1 0 0 0 0 1 0 0 0 1 0 0 0 0 0 1 0 0 1 
1 0 0 0 0 1 1 1 0 0 0 0 0 0 0 1 0 0 0 0 0 0 0 1 0 
1 0 0 0 0 1 0 0 0 1 0 1 1 1 0 1 0 0 1 0 0 0 0 0 0 
0 0 0 1 0 0 0 0 0 0 0 0 0 1 0 0 0 0 0 0 1 0 1 1 1 
0 1 1 0 0 0 0 0 1 0 0 0 1 1 0 0 0 1 0 0 0 0 0 1 0 
0 0 0 1 0 1 0 0 0 1 0 0 1 0 0 0 0 0 0 1 0 1 1 0 0 
0 0 0 1 1 1 0 0 0 0 0 0 0 0 0 0 1 1 0 1 0 0 0 0 1 
1 0 0 0 0 1 0 0 0 0 1 0 0 1 1 0 0 0 1 0 0 0 0 0 1 
0 1 1 0 0 0 0 1 0 0 0 1 1 0 1 0 0 0 0 0 0 0 1 0 0 
0 1 0 0 0 0 0 0 0 1 0 0 0 0 0 1 0 1 0 1 1 1 0 1 0 