# File created on Wed Mar  4 15:12:27 2020
0 1 0 0 0 0 0 0 1 1 0 1 0 1 0 0 0 1 0 0 0 0 1 0 1 
0 0 0 0 0 0 0 0 0 0 0 0 0 0 1 1 0 0 0 0 1 1 0 0 0 
0 0 0 0 0 0 1 0 0 0 0 0 0 0 0 0 0 0 0 0 0 1 0 0 0 
0 0 0 0 0 0 0 0 0 1 0 1 0 1 0 0 0 0 1 0 1 0 0 0 0 
0 0 0 0 0 0 0 1 1 0 1 0 0 1 0 0 0 0 0 0 0 0 0 1 0 
0 1 0 0 1 0 0 0 0 0 0 0 0 0 0 0 0 0 1 0 0 0 1 0 0 
0 0 1 0 0 0 1 0 0 0 0 1 0 0 0 0 0 1 0 1 0 0 0 1 0 
0 0 1 0 0 0 0 0 0 1 0 0 0 0 0 0 0 1 0 0 0 0 0 0 0 
0 0 0 0 0 0 0 0 0 0 0 0 1 0 0 1 1 0 0 1 0 0 0 0 0 
0 0 0 1 0 1 0 0 1 0 0 1 1 0 0 0 0 1 1 0 0 0 0 0 0 
0 1 0 0 0 0 1 1 0 0 0 0 0 1 0 0 1 0 0 1 0 0 1 0 0 
0 0 0 0 0 0 0 0 0 0 0 1 1 0 0 0 0 0 0 1 1 0 0 0 1 
0 0 0 0 0 0 0 1 0 0 0 0 0 0 1 0 1 0 0 1 1 0 1 0 1 
0 0 0 0 1 0 0 0 0 0 0 0 0 0 0 1 0 0 1 0 1 1 0 0 0 
1 0 0 1 0 0 1 1 0 1 0 1 0 0 0 1 0 0 0 1 0 0 1 0 0 
0 0 0 0 0 0 0 0 0 0 0 0 0 1 0 0 0 0 0 0 1 0 0 0 0 
0 0 0 0 1 1 1 0 1 0 0 0 1 1 0 1 0 0 0 0 0 0 1 0 0 
0 1 0 0 0 0 0 0 0 0 0 0 0 0 0 0 0 1 0 0 0 1 0 1 0 
0 0 0 0 1 0 1 0 0 1 1 0 0 0 0 1 1 0 0 0 0 0 0 0 0 
0 0 1 0 0 0 0 0 0 1 0 0 1 0 0 0 1 0 0 0 1 0 0 0 1 
0 0 0 0 0 0 0 0 0 0 0 1 0 0 0 1 0 0 0 1 0 0 1 0 0 
0 1 0 1 0 1 0 1 1 1 0 0 0 0 0 0 1 0 0 0 1 0 0 0 0 
0 0 0 0 1 0 0 0 0 0 0 0 0 0 0 0 0 1 1 1 1 1 0 0 0 
0 0 1 0 0 0 0 0 1 0 0 0 0 1 0 0 0 0 0 0 0 0 0 0 0 
0 1 1 0 0 0 0 0 0 0 0 0 0 1 0 0 0 0 0 0 0 0 1 0 0 
0 0 0 1 1 0 1 0 0 0 0 0 0 1 1 0 0 0 0 1 1 1 0 0 0 
1 0 0 1 0 0 1 0 1 1 0 1 1 0 0 0 0 0 1 0 0 1 1 0 0 
0 1 1 0 1 0 0 0 1 0 0 0 1 0 0 0 0 0 0 0 0 1 0 0 0 
0 0 0 0 0 0 0 0 0 0 0 0 0 0 0 0 1 0 0 1 0 0 0 0 0 
0 1 0 0 0 1 0 0 0 0 0 0 0 0 1 0 0 0 0 0 0 0 1 0 1 
0 1 0 0 0 0 1 0 0 0 0 0 0 1 1 1 1 0 0 0 1 0 0 0 0 
0 0 0 0 0 0 0 0 0 0 0 1 0 0 1 0 0 0 0 0 0 1 0 0 0 
0 0 1 0 0 0 0 1 1 0 0 0 0 1 0 0 0 0 0 0 0 0 1 0 0 
1 1 0 0 0 0 0 0 0 0 0 0 0 0 0 0 1 1 0 0 0 0 0 0 0 
0 0 0 0 1 0 1 0 1 0 0 0 0 1 0 0 0 0 0 0 0 0 1 0 0 
0 0 0 0 0 0 1 0 1 0 0 0 1 0 0 1 0 0 0 0 1 0 0 0 0 
1 0 0 0 1 0 0 0 0 0 0 0 0 0 0 0 0 0 1 0 0 0 0 0 0 
0 0 0 0 1 0 0 0 0 0 0 0 0 0 0 1 0 0 0 0 0 0 1 0 1 
0 1 0 0 0 0 0 0 1 1 1 1 0 0 0 0 0 0 0 0 0 1 1 1 0 
1 0 1 0 0 0 0 0 0 0 0 0 0 0 0 0 0 0 1 0 0 1 0 0 0 
1 0 0 0 1 0 0 1 0 1 1 0 1 0 0 0 1 0 0 0 0 0 0 0 0 
0 1 1 0 1 0 0 1 0 0 0 0 0 0 0 0 0 0 1 0 1 0 0 0 0 
0 0 0 1 0 1 0 0 1 0 1 0 0 0 0 1 1 0 0 1 1 0 0 0 0 
0 0 1 0 0 0 0 1 0 1 1 0 0 0 1 0 1 1 0 0 0 1 0 1 0 
0 0 0 0 0 1 0 0 0 0 0 0 0 0 0 0 0 0 0 1 1 0 1 0 0 
0 0 0 1 0 0 0 0 0 0 0 0 1 0 1 0 0 0 0 0 0 0 0 0 1 
0 1 0 1 0 0 0 0 0 0 0 0 1 0 0 0 0 0 0 0 0 0 0 0 0 
0 0 1 1 0 0 0 0 1 1 0 0 0 0 1 1 0 0 0 0 0 1 0 0 0 
0 0 0 0 1 0 0 0 0 0 0 0 0 1 0 0 0 0 1 0 0 0 0 0 1 
0 0 0 0 0 0 0 0 1 0 0 0 1 1 0 0 1 1 0 1 1 0 0 0 0 