0.06931 1.00000 0.77228 0.09901 1.00000 0.23762 0.67327 1.00000 0.16832 0.00000 0.10891 0.52475 0.00000 0.17822 0.73267 0.00000 0.19802 0.70297 0.82178 0.00990 0.83168 0.00990 0.09901 0.23762 0.00000
0.01980 0.00000 0.99010 0.93069 0.07921 0.92079 0.98020 0.00000 0.01980 1.00000 0.05941 0.00000 0.00000 1.00000 0.03960 0.00000 0.00000 0.94059 0.00990 0.97030 0.00000 0.02970 0.00000 0.48515 0.00000
0.00000 0.00000 1.00000 0.00000 0.87129 1.00000 0.00000 0.12871 0.00000 0.93069 0.00000 0.00000 0.58416 0.58416 0.41584 0.93069 0.00000 0.00000 0.54455 0.48515 0.00000 0.06931 0.00000 0.00000 0.21782
0.00000 0.00000 0.00000 1.00000 0.00990 0.00000 1.00000 0.00000 1.00000 0.00990 0.00000 0.00000 0.00000 0.97030 0.98020 1.00000 1.00000 0.00000 0.00990 0.00000 0.00000 0.97030 0.00990 0.01980 0.00000
0.77228 0.59406 0.00000 1.00000 0.00000 0.21782 0.00000 0.57426 0.15842 0.78218 0.42574 0.40594 0.00990 0.15842 0.00000 0.00000 0.41584 0.27723 0.00000 0.13861 0.15842 0.28713 0.68317 0.17822 0.09901
1.00000 0.98020 0.03960 0.00000 0.94059 1.00000 0.00000 0.99010 0.00000 0.00000 0.96040 0.06931 0.00000 0.00000 0.00000 0.00000 0.00000 0.96040 0.01980 0.00000 0.98020 0.00000 0.05941 0.00000 0.00000
0.04950 0.88119 0.28713 0.06931 0.15842 0.48515 0.00000 0.94059 0.41584 0.77228 1.00000 0.58416 0.96040 0.00990 0.00000 0.10891 0.18812 0.06931 0.11881 0.16832 0.25743 0.28713 0.04950 0.27723 0.00990
0.00000 0.00000 0.90099 1.00000 0.07921 0.01980 0.00000 0.94059 0.31683 0.44554 0.01980 0.05941 0.22772 0.35644 0.00000 0.40594 0.04950 0.00000 0.01980 0.03960 0.00000 0.49505 0.00000 0.96040 0.00000
1.00000 0.00000 0.00000 0.00000 0.00000 0.00000 0.00000 1.00000 1.00000 0.00000 1.00000 1.00000 0.00000 0.00000 0.00000 0.00000 1.00000 0.00000 0.00000 0.00000 1.00000 0.00000 0.00000 0.00000 0.00000
0.79208 0.07921 0.00000 0.08911 0.00000 0.01980 0.91089 0.09901 0.53465 0.00000 0.00990 0.00000 0.81188 0.15842 0.00990 0.91089 0.38614 0.00000 0.02970 0.54455 0.06931 0.00000 0.13861 0.15842 0.19802
1.00000 0.00000 1.00000 0.97030 0.99010 0.94059 0.00000 0.00990 0.00990 0.02970 0.00000 0.00000 0.00990 0.01980 0.96040 0.00000 0.00990 0.02970 0.00990 0.00000 0.00000 0.01980 0.02970 0.00990 0.00000
1.00000 0.85149 0.00000 0.54455 0.89109 0.01980 0.57426 0.64356 0.00000 0.00000 0.08911 0.09901 0.00000 0.00000 0.45545 0.08911 0.00000 0.05941 0.00000 0.44554 0.41584 0.33663 0.11881 0.16832 0.00000
0.93069 0.99010 0.00000 0.86139 0.04950 0.00000 0.07921 0.00990 0.04950 0.00000 0.06931 0.00000 0.88119 0.06931 0.86139 0.00000 0.01980 0.00990 0.00000 0.00000 0.00000 0.01980 0.85149 0.06931 0.07921
0.00000 0.00000 0.00000 0.00990 1.00000 0.92079 0.99010 0.00000 0.00000 0.06931 0.00000 0.00000 0.00990 0.00000 0.06931 1.00000 0.00000 0.07921 0.00000 0.00000 0.00000 0.92079 0.92079 0.00000 0.00000
0.00000 0.00000 0.71287 0.74257 0.00000 0.14851 0.00990 0.01980 0.99010 0.07921 0.75248 0.19802 0.00000 0.03960 0.26733 0.00000 0.99010 0.07921 0.00990 0.00000 0.00000 0.00000 0.00000 0.18812 0.00000
0.89109 0.00000 0.99010 0.09901 0.00990 1.00000 0.00000 0.00000 0.00990 0.00000 0.00000 0.00000 0.00000 0.89109 0.00000 0.00000 0.00000 0.99010 0.00000 0.00000 0.10891 0.00000 0.00990 0.00990 0.07921
0.00000 0.00000 1.00000 0.00000 0.00000 0.00000 0.00000 0.00000 1.00000 0.00000 0.00000 0.00000 0.00000 0.00000 1.00000 0.00000 1.00000 0.00000 1.00000 0.00000 0.00000 0.00000 0.00000 0.00000 0.00000
0.00000 0.00000 0.96040 0.00990 0.98020 0.02970 0.00000 0.97030 0.00000 0.00000 0.00990 0.99010 0.00000 0.00990 0.00990 0.00000 0.00000 0.00000 0.02970 0.00000 0.02970 0.00000 0.00000 0.00000 0.00000
0.00000 0.99010 0.00000 0.00000 0.01980 0.00000 0.00000 0.94059 0.01980 0.00000 0.00000 0.03960 0.00990 0.00000 0.00000 0.00000 0.00000 0.00990 0.97030 0.95050 0.00000 0.00000 0.00000 0.00990 0.00000
0.00000 1.00000 0.00000 0.00000 0.00000 0.00000 0.00000 0.00000 0.00000 0.00000 1.00000 0.00000 0.00000 0.00000 0.00000 0.00000 0.00000 1.00000 0.00000 0.00000 0.00000 0.00000 1.00000 0.00000 0.00000
0.00000 0.00000 1.00000 0.00000 0.00000 1.00000 0.00000 0.00000 0.00000 1.00000 0.00000 0.00000 0.00000 0.00000 0.00000 0.00000 0.00000 0.00000 0.00000 0.00000 0.00000 0.00000 0.00000 0.00000 0.00000
1.00000 0.00000 0.00000 0.00000 0.00000 0.00000 1.00000 0.00000 0.00000 0.00000 0.00000 0.00000 0.00000 0.00000 0.00000 0.00000 0.00000 0.00000 0.00000 0.00000 1.00000 0.00000 0.00000 0.00000 0.00000
0.00000 0.97030 0.00000 0.00000 0.00000 0.00000 0.00000 0.01980 0.00000 0.00000 0.00000 0.00000 0.00990 0.00000 0.00000 0.99010 0.00000 0.00990 0.00000 0.00000 0.00000 0.00990 0.01980 0.00000 0.00000
0.00000 0.00000 0.00000 0.00000 0.00000 0.00000 0.00000 0.00000 0.00000 0.00000 0.00000 0.00000 1.00000 0.00000 0.00000 0.00000 0.00000 0.00000 0.00000 0.00000 0.00000 0.00000 0.00000 0.00000 0.52475
1.00000 0.00000 0.00000 0.00000 0.00000 0.00000 0.00000 0.00000 0.00000 0.00000 0.00000 0.00000 0.00000 0.00000 0.00000 0.00000 0.00000 0.00000 0.00000 0.00000 0.00000 0.00000 0.00000 0.00000 0.47525
