1.00000 1.00000 1.00000 1.00000 1.00000 1.00000 1.00000 0.00000 1.00000 1.00000 0.00000 1.00000 1.00000 1.00000 1.00000 1.00000 1.00000 1.00000 0.00000 0.00000 0.00000 1.00000 1.00000 1.00000 1.00000
0.99010 0.93069 1.00000 1.00000 1.00000 0.96040 0.99010 1.00000 0.99010 0.00990 1.00000 0.94059 1.00000 0.94059 0.08911 0.09901 0.00000 0.10891 1.00000 0.94059 1.00000 0.04950 0.89109 0.00990 0.02970
0.93069 0.91089 0.61386 0.53465 0.84158 1.00000 0.93069 0.95050 1.00000 0.28713 0.00000 1.00000 0.92079 0.09901 1.00000 0.83168 0.98020 0.99010 0.53465 0.52475 0.15842 0.70297 0.97030 0.01980 0.19802
0.42574 0.99010 0.81188 0.40594 0.97030 0.79208 0.95050 0.03960 0.97030 0.93069 0.61386 1.00000 0.31683 0.28713 1.00000 0.90099 0.00990 0.94059 0.39604 0.66337 0.60396 0.29703 0.53465 0.07921 0.34653
0.66337 0.99010 1.00000 1.00000 0.98020 0.91089 0.88119 1.00000 0.26733 1.00000 1.00000 0.12871 0.28713 0.89109 0.00990 0.99010 0.46535 0.00000 0.30693 0.00990 0.53465 0.47525 0.15842 0.96040 0.81188
0.66337 0.84158 0.80198 0.80198 0.53465 0.97030 1.00000 0.53465 0.47525 0.93069 0.95050 0.23762 0.14851 0.85149 0.80198 0.21782 0.93069 0.39604 0.15842 0.00000 0.00990 0.34653 0.03960 0.33663 0.52475
0.98020 0.77228 0.61386 0.59406 0.44554 0.99010 0.47525 0.38614 0.92079 0.25743 0.67327 0.13861 0.93069 0.66337 0.12871 0.63366 0.42574 0.02970 0.07921 0.41584 0.10891 0.15842 0.62376 0.02970 0.31683
0.99010 0.91089 0.10891 0.91089 0.56436 1.00000 0.75248 0.14851 1.00000 0.37624 0.98020 0.81188 0.99010 0.83168 0.95050 0.12871 0.05941 0.14851 0.01980 0.07921 0.02970 0.10891 0.39604 0.16832 0.02970
0.96040 0.99010 0.31683 0.86139 0.13861 0.19802 0.80198 0.67327 0.91089 0.91089 0.17822 0.79208 0.70297 0.11881 0.79208 0.68317 0.20792 0.85149 0.10891 0.17822 0.63366 0.50495 0.18812 0.00000 0.18812
0.19802 0.75248 0.99010 0.37624 0.91089 0.05941 0.69307 0.95050 0.03960 0.76238 0.13861 0.13861 0.03960 0.04950 0.00000 0.02970 0.69307 0.67327 0.97030 0.83168 0.45545 0.37624 0.37624 0.34653 0.06931
0.78218 0.82178 0.74257 0.92079 0.66337 0.98020 0.88119 0.26733 0.36634 0.42574 0.07921 0.69307 0.56436 0.98020 0.13861 0.54455 0.00000 0.05941 0.00990 0.00990 0.15842 0.50495 0.06931 0.00990 0.06931
0.66337 0.51485 0.65347 0.20792 0.54455 0.34653 0.08911 0.96040 0.74257 0.08911 0.85149 0.96040 0.60396 0.16832 0.16832 0.10891 0.38614 0.83168 0.89109 0.63366 0.13861 0.17822 0.33663 0.00990 0.56436
0.66337 0.84158 0.09901 0.05941 0.99010 0.53465 0.93069 0.94059 0.61386 0.92079 0.01980 0.19802 0.63366 0.12871 0.05941 0.34653 0.00000 0.23762 0.45545 0.51485 0.00000 0.74257 0.25743 0.51485 0.19802
0.25743 0.47525 0.87129 0.56436 0.60396 0.07921 0.02970 0.69307 0.29703 0.18812 0.65347 0.12871 0.62376 1.00000 0.08911 0.03960 0.09901 0.28713 0.39604 0.58416 0.78218 0.19802 0.47525 0.50495 0.02970
0.51485 0.77228 0.49505 0.63366 0.83168 0.14851 0.09901 0.05941 0.11881 0.72277 0.19802 0.10891 0.80198 0.15842 0.46535 0.23762 0.41584 1.00000 0.14851 0.36634 0.31683 0.31683 0.23762 0.77228 0.61386
0.80198 0.55446 0.39604 0.90099 0.12871 0.55446 0.02970 0.37624 0.48515 0.09901 0.44554 0.28713 0.00990 0.12871 0.48515 0.06931 0.18812 0.12871 0.00000 0.87129 0.33663 0.00000 0.70297 0.34653 0.89109
0.85149 0.81188 0.96040 0.86139 0.25743 0.94059 0.97030 0.90099 0.18812 0.89109 0.95050 0.05941 0.04950 0.11881 0.00000 0.02970 0.02970 0.00990 0.08911 0.00000 0.01980 0.00000 0.00000 0.07921 0.35644
0.78218 0.85149 0.96040 0.48515 0.07921 0.51485 0.06931 0.16832 0.32673 0.50495 0.09901 0.20792 0.08911 0.03960 0.19802 0.32673 0.49505 0.05941 0.11881 0.01980 0.75248 0.16832 0.38614 0.03960 0.39604
0.90099 0.85149 0.92079 0.97030 0.09901 0.20792 0.86139 0.06931 0.02970 0.97030 0.00000 0.02970 0.00000 0.04950 0.00000 0.88119 0.03960 0.03960 0.06931 0.01980 0.00000 0.09901 0.00000 0.05941 0.97030
0.03960 0.19802 0.71287 0.10891 0.61386 0.31683 0.89109 0.88119 0.00000 0.97030 0.80198 0.00000 0.02970 0.00000 0.01980 0.00990 0.00000 0.13861 0.96040 0.00000 0.47525 0.11881 0.00990 0.66337 0.14851
0.98020 0.52475 0.07921 0.35644 0.17822 0.94059 0.00990 0.00000 1.00000 0.04950 0.59406 0.95050 0.05941 0.00000 0.99010 0.00000 0.00000 0.82178 0.29703 0.00000 0.00000 0.03960 0.04950 0.00000 0.06931
0.14851 0.24752 0.30693 0.69307 0.43564 0.59406 0.01980 0.76238 0.27723 0.44554 0.01980 0.21782 0.18812 0.14851 0.86139 0.00990 0.00990 0.58416 0.10891 0.05941 0.42574 0.00000 0.36634 0.00990 0.59406
0.55446 0.39604 0.93069 0.02970 0.07921 0.49505 0.48515 0.94059 0.45545 0.00990 0.97030 0.05941 0.04950 0.00990 0.52475 0.00000 0.00000 0.01980 0.47525 0.00990 0.01980 0.00000 0.01980 0.01980 0.06931
0.00000 0.00000 0.03960 0.95050 0.08911 0.00000 0.01980 0.00000 0.03960 0.00990 0.97030 0.00000 0.03960 0.90099 0.00000 0.00990 0.96040 0.00000 0.00000 0.90099 1.00000 0.00000 0.00000 0.87129 0.05941
0.68317 0.13861 0.04950 0.06931 0.01980 0.83168 0.72277 0.00000 0.51485 0.06931 0.07921 0.33663 0.20792 0.00000 0.37624 0.08911 0.63366 0.00000 0.00000 0.28713 0.00000 0.00000 0.00990 0.06931 0.20792
