1.00000 1.00000 0.99010 1.00000 1.00000 0.97030 1.00000 0.00990 0.00000 1.00000 1.00000 1.00000 0.95050 1.00000 0.02970 0.42574 0.49505 1.00000 0.00000 0.01980 0.01980 0.44554 0.56436 0.00000 0.07921
1.00000 0.00000 1.00000 0.96040 0.93069 0.00000 0.00000 0.99010 1.00000 0.06931 0.00000 0.00000 0.00990 0.00000 0.00000 0.00000 0.00000 0.03960 1.00000 0.45545 0.00000 0.00000 0.00000 0.00000 0.03960
0.73267 0.09901 0.00990 1.00000 0.85149 0.47525 0.01980 0.26733 0.00000 0.97030 0.11881 0.00000 0.16832 0.06931 0.88119 0.00000 0.91089 0.71287 0.00000 0.20792 0.71287 0.18812 0.36634 0.67327 0.00000
0.00000 0.95050 0.02970 0.00000 0.96040 0.00990 0.01980 0.00000 0.00000 0.12871 0.96040 1.00000 0.86139 0.00000 0.01980 0.98020 0.02970 0.05941 0.00000 0.00000 0.01980 0.03960 0.06931 0.97030 0.06931
0.98020 0.00000 0.00000 0.00000 0.01980 1.00000 0.77228 0.95050 0.19802 0.00990 0.00000 0.02970 0.06931 0.00990 0.13861 0.01980 0.13861 0.00000 0.04950 0.81188 0.00000 0.00990 0.02970 0.94059 0.92079
0.64356 0.95050 0.00000 0.00000 0.00000 0.00000 0.76238 0.43564 0.37624 0.04950 0.00000 0.04950 0.30693 0.02970 0.80198 0.27723 0.18812 0.06931 0.52475 0.09901 0.02970 0.32673 0.02970 0.34653 0.10891
0.91089 0.00990 0.98020 0.00000 0.00000 0.05941 0.01980 0.56436 0.03960 0.09901 0.00990 0.00000 0.11881 0.32673 0.95050 0.52475 0.85149 0.00990 0.13861 0.68317 0.00000 0.03960 0.45545 0.04950 0.80198
1.00000 0.00990 0.00000 0.00000 0.01980 0.00000 0.03960 0.36634 0.00000 0.88119 0.00000 0.00000 0.59406 0.00000 0.95050 0.00000 0.04950 0.00000 0.00000 0.30693 0.00000 0.00000 0.00000 0.40594 0.46535
0.00000 0.00000 0.00000 0.00000 0.00000 0.00000 0.98020 0.00000 0.99010 0.00000 0.00000 1.00000 0.00000 0.51485 0.00990 0.27723 0.01980 0.00000 0.00990 0.00000 0.00000 0.48515 0.30693 0.72277 0.00000
0.78218 0.00000 0.00000 0.00000 0.10891 0.04950 0.02970 0.02970 0.00000 0.00000 0.89109 0.00000 0.12871 0.78218 0.00000 0.18812 0.00000 0.08911 0.00000 0.07921 0.00000 0.00000 0.01980 0.95050 0.03960
0.43564 0.00990 0.99010 0.53465 0.49505 0.00000 0.02970 0.00000 0.00990 0.00000 0.41584 0.00000 0.23762 0.00000 0.05941 0.00000 0.03960 0.24752 0.23762 0.28713 0.00000 0.15842 0.25743 0.39604 0.28713
0.00000 1.00000 0.00000 1.00000 0.00000 0.00000 0.00000 0.00000 0.00000 0.00000 0.00000 0.00000 0.00000 0.00000 0.00000 0.00000 0.00000 0.45545 0.00000 0.00000 0.00000 0.00000 0.00000 0.54455 0.00000
0.86139 0.00000 0.00000 0.98020 0.00000 0.00000 0.00000 0.00000 1.00000 0.00000 0.00000 0.00000 0.02970 0.00000 0.00000 0.00000 0.00000 0.01980 0.02970 0.11881 0.00000 0.11881 0.10891 0.00000 0.12871
0.00000 0.00000 1.00000 0.00000 0.00000 0.00000 0.00000 0.00000 1.00000 0.00000 0.00000 1.00000 0.00000 0.00000 0.00000 0.00000 0.00000 0.00000 0.00000 0.00000 0.00000 0.00000 0.00000 0.00000 0.00000
0.00000 0.96040 0.96040 0.00000 0.00990 0.00000 0.01980 0.00000 0.00000 0.00000 0.00000 0.00990 0.00000 0.00000 0.01980 0.00000 0.00000 0.02970 0.00000 0.00000 0.49505 0.00000 0.00000 0.00990 0.02970
0.00000 0.00000 0.00000 0.00000 0.00000 0.68317 0.00000 0.96040 0.00990 0.00000 0.00000 0.00000 0.03960 0.46535 0.00000 0.08911 0.07921 0.00000 0.02970 0.00000 0.13861 0.53465 0.09901 0.10891 0.27723
0.00000 0.00000 0.99010 0.00000 0.00990 0.00000 0.00000 0.00000 0.00000 0.00000 0.95050 0.00000 0.00000 0.00000 0.00000 0.00000 0.00000 0.00000 0.00000 0.00000 0.00000 0.04950 0.00000 0.00000 0.00000
0.00000 0.00000 0.00000 0.00000 0.99010 0.00000 0.00000 0.00000 0.00000 0.00000 0.97030 0.00000 0.00000 0.00000 0.00000 0.00000 0.00000 0.00990 0.00000 0.00000 0.00000 0.02970 0.00000 0.00000 0.00990
0.00000 0.00000 0.00000 0.00000 0.00000 0.00000 0.00000 1.00000 0.00000 0.00000 0.00000 0.00000 0.00000 0.00000 0.00000 0.00000 0.00000 0.00000 1.00000 0.00000 0.00000 0.00000 0.00000 0.00000 0.00000
0.00000 0.00000 0.00000 0.00000 0.00000 0.88119 0.00000 0.00000 0.00000 0.00000 0.00000 0.00000 0.00000 0.00000 0.00000 0.00000 0.06931 0.00000 0.00000 0.00000 0.53465 0.00000 0.02970 0.04950 0.11881
0.00000 0.99010 0.00000 0.00000 0.00000 0.00000 0.00990 0.00000 0.00000 0.00000 0.00000 0.00000 0.00000 0.00000 0.99010 0.00000 0.00000 0.00000 0.00000 0.00990 0.00000 0.00000 0.00000 0.00000 0.00990
0.00000 0.00000 0.00000 1.00000 0.00000 0.00000 0.00000 0.00000 0.00000 0.00000 0.00000 0.00000 0.00000 0.00000 0.00000 0.00000 0.00000 0.00000 0.00000 0.00000 0.00000 0.00000 0.00000 0.00000 0.00000
0.82178 0.00000 0.00000 0.00000 0.00000 0.00000 0.00000 0.00000 0.00000 0.00000 0.00000 0.00000 0.01980 0.00000 0.00000 0.00000 0.00000 0.00000 0.01980 0.15842 0.00000 0.16832 0.15842 0.00000 0.15842
0.00000 0.00000 0.00000 0.00000 0.00000 0.00000 0.00000 0.00000 0.00000 0.85149 0.00000 0.00000 0.00000 0.00000 0.00000 0.00000 0.08911 0.00000 0.00000 0.07921 0.00000 0.00000 0.00000 0.05941 0.14851
0.00000 0.00000 0.00000 0.00000 0.00000 0.00000 0.00000 0.00000 0.00000 0.00000 0.00000 1.00000 0.00000 0.00000 0.00000 0.00000 0.00000 0.00000 0.00000 0.00000 0.00000 0.00000 0.00000 0.00000 0.00000
