0.97030 0.90099 1.00000 0.04950 0.04950 0.81188 0.84158 0.89109 0.94059 0.53465 0.68317 0.78218 0.07921 0.36634 0.66337 0.48515 0.46535 0.39604 0.87129 0.97030 0.17822 0.96040 0.13861 0.34653 0.78218
0.66337 0.44554 0.93069 0.97030 0.57426 0.96040 0.04950 1.00000 0.71287 0.75248 0.04950 0.84158 0.49505 0.75248 0.52475 0.86139 0.22772 0.82178 0.18812 0.00990 0.31683 0.53465 0.01980 0.53465 0.21782
0.91089 0.79208 1.00000 0.95050 0.00000 1.00000 0.19802 1.00000 1.00000 0.18812 1.00000 0.00990 0.11881 0.07921 0.07921 0.87129 0.05941 0.86139 0.99010 0.00000 0.00990 0.99010 0.79208 0.00000 0.70297
0.01980 0.91089 0.01980 0.38614 0.70297 1.00000 1.00000 0.00000 0.11881 0.85149 0.99010 0.41584 0.01980 0.00990 0.00000 0.04950 0.77228 0.00000 0.65347 0.99010 0.89109 0.91089 0.88119 0.92079 0.04950
0.93069 0.98020 0.98020 0.92079 0.17822 0.99010 0.89109 0.92079 0.07921 0.99010 0.00990 0.13861 0.80198 0.19802 0.97030 0.92079 0.89109 0.99010 0.02970 0.02970 0.00000 0.00990 0.05941 0.00000 0.12871
0.61386 0.67327 0.04950 0.64356 0.89109 0.49505 0.72277 0.63366 0.98020 0.10891 0.26733 0.82178 1.00000 0.99010 0.75248 0.71287 0.42574 0.45545 0.33663 0.00990 0.18812 0.47525 0.70297 0.11881 0.10891
0.99010 1.00000 0.00000 0.95050 0.97030 0.00000 1.00000 0.31683 0.00000 0.71287 0.13861 0.71287 0.99010 1.00000 1.00000 0.99010 0.03960 0.00990 0.69307 0.25743 0.05941 0.00000 0.21782 0.89109 0.04950
0.92079 0.45545 1.00000 0.05941 0.90099 0.86139 0.53465 0.97030 0.79208 0.00990 0.00000 0.83168 0.97030 0.24752 0.07921 0.00990 0.95050 0.22772 0.00000 0.33663 0.79208 0.89109 0.11881 0.05941 0.35644
0.50495 0.09901 0.46535 0.24752 0.88119 0.57426 0.80198 0.22772 0.00990 1.00000 0.20792 0.70297 0.29703 0.27723 0.37624 0.89109 0.16832 0.02970 0.81188 0.96040 0.22772 0.12871 0.62376 0.40594 0.13861
0.99010 0.75248 0.91089 0.80198 0.19802 0.88119 0.15842 0.31683 0.00000 0.38614 0.27723 0.83168 0.78218 0.99010 0.72277 0.07921 0.04950 0.16832 0.01980 0.12871 0.86139 0.68317 0.01980 0.12871 0.07921
0.42574 0.73267 0.01980 0.91089 1.00000 0.05941 0.99010 0.90099 0.00990 0.94059 0.00000 0.84158 0.98020 0.82178 0.03960 0.03960 0.85149 0.00990 0.14851 0.05941 0.04950 0.00990 0.98020 0.01980 0.00000
0.93069 0.18812 0.93069 0.75248 0.14851 0.06931 0.82178 0.98020 0.01980 0.96040 0.00990 0.00990 0.90099 0.55446 0.55446 0.57426 0.22772 1.00000 0.36634 0.00000 0.07921 0.00990 0.25743 0.84158 0.82178
0.64356 0.74257 0.92079 0.00000 0.04950 0.47525 0.26733 0.59406 0.78218 0.83168 0.01980 0.14851 0.29703 0.03960 0.62376 0.00000 0.84158 0.91089 0.00000 0.31683 0.47525 0.70297 0.09901 0.27723 0.05941
0.99010 1.00000 0.99010 0.11881 0.05941 0.00990 0.95050 0.68317 0.74257 0.11881 0.04950 0.96040 0.02970 0.04950 0.97030 0.78218 0.08911 0.23762 0.03960 0.87129 0.05941 0.10891 0.00000 0.00000 0.25743
0.43564 0.43564 0.65347 0.04950 0.20792 0.96040 0.93069 0.08911 0.98020 0.00000 0.41584 0.17822 0.51485 0.26733 0.88119 0.00990 0.06931 0.44554 0.65347 0.10891 0.00990 0.23762 0.55446 0.30693 0.05941
0.27723 0.58416 0.54455 0.92079 0.51485 0.23762 1.00000 0.07921 0.00000 0.00000 0.79208 0.37624 0.00000 0.43564 0.00000 1.00000 0.30693 0.00000 0.72277 0.09901 0.00000 0.32673 0.96040 0.03960 0.18812
0.91089 1.00000 0.97030 0.00000 0.90099 0.00000 1.00000 0.14851 0.00990 0.02970 0.00000 1.00000 0.03960 0.00000 0.94059 0.04950 0.98020 0.00000 0.00000 0.97030 0.01980 0.00990 0.00990 0.11881 0.00000
0.37624 0.15842 0.51485 0.42574 0.02970 0.92079 0.00000 0.92079 0.02970 0.00000 1.00000 0.16832 0.98020 0.95050 0.00990 0.24752 0.00990 0.01980 0.80198 0.00000 0.05941 0.43564 0.59406 0.01980 0.56436
0.36634 0.60396 0.59406 0.97030 0.99010 0.03960 0.00000 0.98020 0.01980 0.57426 0.00990 0.66337 0.37624 0.01980 0.39604 0.04950 1.00000 0.00000 0.00990 0.36634 0.00990 0.00000 0.66337 0.25743 0.61386
0.62376 1.00000 0.08911 0.00000 0.00000 0.38614 1.00000 0.23762 0.75248 0.01980 0.00000 0.39604 0.95050 1.00000 0.64356 0.04950 0.00000 0.98020 0.03960 0.17822 0.02970 0.34653 0.00000 0.05941 0.24752
0.09901 0.02970 0.96040 0.01980 0.65347 0.28713 0.00000 0.19802 0.01980 0.00000 0.53465 0.70297 0.80198 0.06931 0.44554 0.44554 0.04950 0.00000 0.58416 0.93069 0.96040 0.46535 0.30693 0.15842 0.01980
0.20792 0.39604 0.20792 0.48515 0.64356 0.59406 0.64356 0.03960 0.44554 0.45545 0.30693 0.03960 0.00000 0.42574 0.00000 0.00990 0.93069 0.02970 0.23762 0.00990 0.99010 0.00000 0.96040 0.50495 0.18812
0.00000 0.00990 0.00000 0.99010 0.00000 0.00000 0.00000 0.00000 0.99010 0.00000 1.00000 0.00000 0.00000 0.99010 0.00000 0.00990 0.00000 0.00000 0.99010 0.00000 0.00000 0.00000 1.00000 0.00990 0.00990
0.00000 0.21782 0.00000 0.00990 0.01980 0.88119 0.75248 0.00000 0.00990 0.00000 0.89109 0.00000 0.00990 0.00990 0.00000 0.00000 0.00000 0.95050 0.07921 0.01980 0.91089 0.02970 0.00000 0.18812 0.11881
0.06931 0.00990 0.00000 0.00000 0.00000 0.00000 0.00000 0.00000 0.88119 0.85149 0.00000 0.00000 0.00000 0.03960 0.00990 0.00000 0.06931 0.99010 0.00000 0.99010 0.00990 0.00000 0.06931 0.00000 0.12871
