0.81188 0.36634 0.95050 0.77228 0.99010 1.00000 1.00000 0.25743 0.00000 1.00000 0.00000 0.95050 1.00000 0.22772 0.77228 0.69307 0.01980 0.85149 0.02970 0.15842 0.84158 0.01980 0.00000 0.00000 0.18812
1.00000 1.00000 1.00000 1.00000 0.00000 1.00000 0.95050 0.88119 0.00000 0.00000 0.95050 0.00000 1.00000 0.58416 0.97030 0.00990 0.01980 0.03960 0.11881 0.05941 0.00000 0.16832 0.42574 0.00000 0.04950
0.96040 0.96040 1.00000 0.00000 1.00000 0.06931 1.00000 0.78218 0.00000 0.99010 0.11881 0.00990 0.02970 0.00000 0.04950 0.96040 0.02970 0.00000 0.38614 0.17822 0.04950 0.24752 0.89109 0.03960 0.01980
0.89109 1.00000 0.10891 1.00000 0.00000 1.00000 0.00000 0.00000 0.99010 0.00000 0.00000 0.00000 0.00000 1.00000 0.00990 0.00990 0.00000 0.00000 0.98020 0.00000 0.99010 0.10891 0.00000 0.00000 0.11881
0.82178 0.61386 0.55446 0.93069 0.78218 0.00000 0.63366 0.59406 0.00990 0.00990 0.26733 0.00000 0.00000 0.05941 0.00000 0.13861 0.23762 0.28713 0.27723 0.07921 0.47525 0.00000 0.13861 0.38614 0.51485
1.00000 0.93069 1.00000 0.00000 0.00000 1.00000 0.00000 0.00000 0.97030 0.01980 0.07921 0.95050 0.00000 0.00000 0.36634 0.04950 0.00000 0.00000 0.30693 0.03960 0.62376 0.06931 0.01980 0.06931 0.02970
1.00000 0.01980 0.98020 0.96040 0.98020 0.00000 0.01980 0.90099 0.00000 0.00000 0.00000 0.03960 0.00000 0.01980 0.00000 0.01980 0.00000 0.04950 0.00990 0.52475 0.09901 0.11881 0.00000 0.00000 1.00000
0.87129 0.00000 0.11881 0.00000 1.00000 0.00000 0.80198 0.00990 0.99010 0.00000 0.00000 0.00000 0.00000 0.00000 0.01980 0.00000 0.28713 0.00990 0.18812 0.31683 0.17822 0.31683 0.12871 0.00000 0.00000
0.99010 1.00000 1.00000 1.00000 0.00000 0.00000 0.00000 0.00990 0.00000 0.00000 0.00000 0.96040 0.00000 0.00000 0.04950 0.00000 0.43564 0.00000 0.00000 0.24752 0.00000 0.00000 0.00990 0.00000 0.00000
0.07921 0.92079 0.89109 0.00000 0.97030 0.00000 0.00000 0.03960 0.00000 0.90099 0.00000 0.09901 0.00000 0.00000 0.00990 0.06931 0.00990 0.02970 0.98020 0.00990 0.05941 0.03960 0.00000 0.07921 0.00000
0.92079 1.00000 0.91089 0.00000 0.00000 0.04950 0.00000 0.01980 0.99010 0.00000 0.00000 0.00990 0.00000 0.00000 0.05941 0.07921 0.00000 0.02970 0.01980 0.14851 0.03960 0.05941 0.01980 0.00000 0.08911
0.60396 0.77228 0.41584 0.59406 0.00000 0.68317 0.00000 0.24752 0.14851 0.00000 0.18812 0.37624 0.00000 0.40594 0.04950 0.01980 0.04950 0.03960 0.06931 0.14851 0.03960 0.56436 0.56436 0.22772 0.23762
0.99010 0.00990 0.97030 0.00000 0.00000 0.84158 0.00000 0.68317 0.00990 0.00000 0.00000 0.00000 0.00000 0.00000 0.15842 0.01980 0.09901 0.16832 0.04950 0.12871 0.34653 0.31683 0.03960 0.00000 0.00000
0.00000 0.00000 0.00000 0.97030 0.00000 0.00000 0.00000 0.00000 0.00000 0.50495 0.00000 0.93069 0.00000 0.02970 0.06931 0.48515 0.00000 0.00000 0.01980 0.07921 0.00000 0.02970 0.00000 0.00000 0.00000
0.89109 0.00000 0.69307 0.00000 0.00000 0.03960 0.31683 0.34653 0.06931 0.00000 0.00000 0.07921 0.05941 0.00000 0.21782 0.29703 0.00000 0.01980 0.42574 0.19802 0.43564 0.44554 0.00000 0.00000 0.72277
0.01980 0.97030 0.00000 0.00000 0.38614 0.00000 0.00000 0.00000 0.00000 0.00000 0.15842 0.00000 0.00000 0.00990 0.29703 0.59406 0.59406 0.00990 0.25743 0.00990 0.54455 0.62376 0.83168 0.02970 0.00000
0.00000 0.00000 0.00000 0.00000 0.00000 0.00000 0.00000 0.00000 0.00000 0.41584 0.00000 0.00000 0.99010 0.00000 0.00990 0.57426 0.00000 0.00000 0.00990 0.00000 0.00000 0.00000 0.00000 0.00000 0.00000
0.00000 0.00000 0.00000 1.00000 0.00000 0.00000 0.00000 0.00000 0.00000 0.00000 0.00000 0.00000 0.00000 0.00990 0.00000 0.00000 0.00000 0.00000 0.00000 0.00000 0.99010 0.00000 0.99010 0.00000 0.00000
0.00000 1.00000 0.00000 0.00000 0.00000 0.00000 0.00000 0.00000 0.00000 0.00000 0.00000 0.00000 0.00000 0.00000 0.00000 0.00000 0.00000 0.00000 0.00000 0.00000 0.00000 0.00000 0.00000 0.00000 0.00000
0.46535 0.00000 0.38614 0.00000 0.00000 0.10891 0.02970 0.01980 0.00990 0.00000 0.00990 0.01980 0.86139 0.00000 0.01980 0.00000 0.00000 0.00000 0.09901 0.12871 0.09901 0.48515 0.40594 0.00000 0.49505
0.00000 0.00000 0.00000 0.00000 0.00000 0.00000 0.00000 0.00000 1.00000 0.00000 0.00000 0.00000 0.00000 0.00000 0.00000 0.00000 0.00000 0.00000 0.00000 0.00000 0.00000 0.00000 0.00000 0.00000 0.00000
0.00000 0.00000 0.00000 0.00000 0.00000 0.89109 0.00000 0.00000 0.00000 0.00000 0.00000 0.00000 0.00000 0.00000 0.10891 0.00000 0.00000 0.00000 0.00000 0.00000 0.00000 0.00000 0.10891 0.00000 0.00000
0.00000 0.00000 0.00000 0.83168 0.00000 0.00000 0.00000 0.00000 0.00000 0.00000 0.00000 0.11881 0.00000 0.16832 0.00000 0.00000 0.03960 0.00000 0.01980 0.09901 0.00000 0.16832 0.00000 0.00000 0.00000
0.00000 0.00000 0.00000 0.00000 0.00000 0.00000 0.39604 0.00000 0.00000 0.00000 0.00000 0.00000 0.00000 0.00000 0.00000 0.02970 0.00000 0.00000 0.57426 0.00000 0.60396 0.60396 0.00000 0.00000 0.60396
0.00000 0.00000 0.00000 0.00000 0.34653 0.00000 0.00000 0.00000 0.00000 0.00000 0.00000 0.00000 0.00000 0.00000 0.00000 0.63366 0.65347 0.00000 0.01980 0.00000 0.00000 0.65347 0.00000 0.00000 0.00000
