1.00000 0.48515 0.01980 0.50495 0.52475 0.29703 0.02970 0.04950 0.11881 0.00000 0.60396 0.87129 0.62376 0.00990 0.66337 0.07921 0.12871 0.00990 0.55446 0.34653 0.09901 0.94059 0.44554 0.49505 0.07921
0.00000 0.00990 0.95050 0.03960 0.95050 0.00000 0.00000 0.03960 1.00000 0.74257 0.00000 0.99010 0.96040 0.00990 0.04950 0.93069 0.97030 0.25743 0.00000 0.00000 0.02970 0.00990 0.75248 0.11881 0.19802
1.00000 0.00000 0.99010 0.00000 0.99010 0.00990 0.00000 0.99010 0.00000 1.00000 0.00000 0.00990 0.00000 0.00000 0.00000 0.00990 0.99010 1.00000 0.00000 0.00990 0.02970 0.99010 0.00000 0.00000 0.84158
0.06931 0.83168 0.00990 0.81188 0.32673 0.00000 0.30693 0.61386 0.00000 0.00000 0.01980 0.10891 0.75248 0.64356 0.09901 0.92079 0.00000 0.00000 0.66337 0.00000 0.22772 0.04950 0.92079 0.38614 0.05941
0.00000 1.00000 1.00000 0.99010 0.00990 1.00000 1.00000 0.00000 0.00000 0.00000 0.00000 0.00000 0.99010 0.00000 0.99010 0.00000 0.00000 0.00000 0.00990 0.00990 0.00000 0.96040 0.00000 0.00000 0.04950
0.01980 0.00000 0.68317 0.02970 0.18812 0.94059 0.25743 0.00000 0.77228 0.32673 0.71287 0.22772 0.00000 0.91089 0.01980 0.99010 0.76238 0.00000 0.00990 0.08911 0.00000 0.03960 0.00990 0.79208 0.00000
0.95050 0.97030 0.00000 0.00000 0.93069 0.00000 0.00990 0.89109 0.00000 0.03960 0.00000 0.00000 0.08911 0.12871 0.87129 1.00000 0.87129 0.10891 0.00000 0.00000 0.98020 0.11881 0.00000 0.00000 0.11881
0.00990 0.99010 0.00000 0.00990 0.47525 0.45545 0.01980 1.00000 0.00000 0.00000 0.00000 0.00000 0.52475 0.00000 0.00990 0.53465 0.02970 0.51485 0.00000 0.00000 0.93069 0.98020 0.45545 0.00000 0.89109
0.89109 0.03960 0.57426 0.86139 0.00000 0.00000 0.99010 0.00000 0.24752 0.00990 0.90099 0.01980 0.44554 0.09901 0.39604 0.00000 0.00990 0.11881 0.56436 0.72277 0.00000 0.66337 0.00000 0.10891 0.34653
1.00000 1.00000 0.00000 1.00000 1.00000 0.00000 0.00000 0.00000 0.00000 0.00000 0.00000 0.00000 0.00000 1.00000 0.00000 1.00000 0.00000 0.00000 0.00000 0.00000 0.00000 0.00000 0.00000 1.00000 0.00000
1.00000 0.00000 0.00000 0.00000 0.00000 0.00000 0.00000 0.77228 0.21782 1.00000 1.00000 0.78218 0.00000 1.00000 0.00000 0.00000 0.00000 0.00000 0.19802 0.00000 0.22772 0.00000 0.00000 0.79208 0.01980
1.00000 0.99010 0.00000 1.00000 0.00990 0.03960 0.97030 0.00000 0.00000 0.00000 0.96040 0.00000 0.00000 0.00990 0.00000 0.00000 0.02970 0.97030 0.03960 0.02970 0.00000 0.00000 0.94059 0.00000 0.00000
0.00000 0.00000 1.00000 0.00000 0.00000 0.00000 0.00000 1.00000 1.00000 1.00000 0.00000 1.00000 0.00000 0.00000 0.00000 0.00000 0.00000 0.00000 0.00000 0.00000 1.00000 0.00000 0.00000 0.00000 0.87129
0.27723 0.33663 0.01980 0.86139 0.83168 0.00000 0.58416 0.02970 0.78218 0.42574 0.03960 0.44554 0.17822 0.00990 0.00990 0.31683 0.05941 0.84158 0.00000 0.32673 0.03960 0.00000 0.11881 0.12871 0.53465
0.00000 0.00000 1.00000 1.00000 1.00000 0.00000 0.00000 0.00000 1.00000 0.00000 0.00000 1.00000 1.00000 0.00000 0.00000 0.00000 0.00000 0.00000 0.00000 1.00000 0.00000 0.00000 0.00000 0.00000 0.00000
0.00000 0.94059 0.02970 0.74257 0.22772 0.00000 0.97030 0.09901 0.00990 0.00000 0.27723 0.71287 0.20792 0.87129 0.00990 0.11881 0.69307 0.00000 0.00000 0.06931 0.73267 0.00000 0.00000 0.01980 0.04950
0.00000 0.11881 0.00000 0.88119 0.87129 0.87129 0.00000 0.00000 0.00000 0.00000 0.00000 0.00000 1.00000 0.00000 0.00000 0.12871 0.00000 0.12871 0.87129 0.00000 0.00000 0.12871 0.00000 1.00000 0.00000
0.00000 0.00000 0.00000 0.00000 0.00000 0.00000 0.00000 0.00000 1.00000 1.00000 1.00000 1.00000 0.00000 0.00000 0.00000 0.00000 0.00000 0.00000 1.00000 0.00000 0.00000 0.00000 0.00000 1.00000 0.00000
0.00000 0.00990 0.00000 0.00000 0.00000 1.00000 0.00000 0.00000 0.00000 0.00000 0.00000 0.00000 0.00000 0.00000 0.99010 1.00000 0.00000 1.00000 1.00000 0.00000 0.00000 0.00000 0.99010 0.00000 0.01980
0.11881 0.44554 0.07921 0.48515 0.00990 0.13861 0.09901 0.27723 0.09901 0.04950 0.83168 0.00000 0.23762 0.29703 0.53465 0.40594 0.01980 0.84158 0.00000 0.13861 0.89109 0.24752 0.03960 0.09901 0.58416
0.00000 0.00000 0.00000 0.00000 0.00000 0.98020 1.00000 0.00000 0.01980 0.98020 0.98020 0.00000 0.00000 0.00000 0.00000 0.00000 1.00000 1.00000 0.00000 0.00000 0.00000 0.01980 0.00000 0.01980 0.00000
0.90099 0.00000 0.90099 0.00000 0.00000 0.90099 0.09901 0.00000 0.09901 0.90099 0.00000 0.00000 0.00000 0.00000 1.00000 0.00000 0.09901 1.00000 0.00000 0.00000 0.00000 0.09901 0.00000 0.08911 0.08911
0.95050 0.04950 0.04950 0.00000 0.00000 0.00000 0.00000 0.00000 0.95050 0.00000 1.00000 1.00000 0.00000 0.95050 0.00000 0.00000 0.00000 0.00000 0.00000 1.00000 0.00000 0.00000 0.00000 0.04950 0.00000
0.00000 0.00000 0.00000 0.00000 0.00000 0.00000 1.00000 0.99010 0.00000 0.00000 0.00000 0.00000 1.00000 0.00000 0.00000 0.00000 0.00000 0.00000 0.00000 1.00000 0.97030 0.00000 0.00000 0.00000 0.03960
0.00000 0.00000 1.00000 0.00000 0.00000 0.00000 1.00000 0.00000 0.00000 0.00000 0.00000 0.00000 0.00000 1.00000 1.00000 0.00000 0.00000 0.00000 0.00000 1.00000 0.00000 0.00000 0.00000 0.00000 0.00000
