1.00000 1.00000 1.00000 1.00000 1.00000 1.00000 1.00000 1.00000 1.00000 1.00000 1.00000 1.00000 1.00000 1.00000 1.00000 1.00000 0.89109 0.89109 1.00000 0.99010 0.94059 0.39604 0.25743 0.87129 0.00000
1.00000 1.00000 1.00000 0.00000 1.00000 1.00000 1.00000 1.00000 1.00000 1.00000 1.00000 0.00000 0.13861 0.00000 0.98020 0.86139 0.99010 0.99010 0.00000 0.05941 0.96040 0.02970 0.03960 0.00000 0.98020
1.00000 0.96040 0.93069 1.00000 1.00000 1.00000 0.87129 0.19802 0.00000 0.92079 0.09901 1.00000 0.53465 1.00000 0.72277 0.45545 0.09901 0.02970 0.13861 0.93069 0.06931 0.06931 0.60396 0.50495 0.95050
1.00000 0.88119 0.94059 1.00000 0.00000 0.73267 0.97030 0.52475 0.00000 0.01980 0.62376 0.00990 0.00000 0.00000 0.37624 0.11881 0.00000 0.01980 0.12871 0.09901 0.00000 0.01980 0.00000 0.88119 0.53465
0.00000 1.00000 0.77228 1.00000 0.00000 0.22772 1.00000 0.71287 0.01980 0.25743 0.91089 0.00000 0.00000 0.00000 0.27723 0.00000 0.26733 0.00000 0.24752 0.00000 0.00000 0.33663 0.05941 0.20792 0.02970
0.00000 0.75248 0.99010 0.90099 0.00000 0.70297 0.27723 0.25743 0.77228 0.13861 0.55446 0.00000 0.19802 0.23762 0.00000 0.00000 0.12871 0.08911 0.00000 0.03960 0.00000 0.00000 0.00000 0.13861 0.01980
1.00000 0.71287 0.00000 1.00000 0.00000 0.00000 0.17822 0.00000 0.00000 0.00000 0.10891 0.73267 0.00000 0.00990 0.00000 0.29703 0.00000 0.00000 0.00000 0.99010 0.00000 0.00990 0.03960 0.00990 0.00000
0.00000 0.00000 1.00000 0.00000 1.00000 0.83168 0.00000 0.00000 0.00000 0.37624 0.15842 0.00000 0.00000 0.00000 0.00990 0.00000 0.15842 0.00000 0.31683 0.18812 0.00000 0.42574 0.09901 0.03960 0.53465
0.00000 0.00000 0.00000 1.00000 1.00000 1.00000 0.00000 0.00000 0.00000 0.00000 0.00000 0.40594 0.00000 0.59406 0.00000 0.14851 0.00000 0.00000 0.00000 0.10891 0.00000 0.11881 0.27723 0.00000 0.62376
0.00000 1.00000 0.00000 0.00000 0.00000 0.00000 1.00000 0.90099 0.94059 0.00000 0.99010 0.00000 0.00000 0.00000 0.00000 0.00000 0.09901 0.05941 0.00000 0.00000 0.00000 0.00000 0.00000 0.00990 0.01980
0.99010 0.59406 0.00000 0.00990 0.00000 0.00000 0.15842 0.01980 0.01980 0.00990 0.21782 0.19802 0.10891 0.13861 0.02970 0.00000 0.17822 0.00000 0.00000 0.00990 0.00990 0.61386 0.09901 0.04950 0.69307
1.00000 0.00000 0.00000 0.00000 1.00000 0.00000 0.00000 0.00000 0.00000 0.00000 0.00000 0.00000 0.00000 0.00000 0.00000 0.00000 0.00000 0.00000 0.00000 0.00990 0.00000 0.00000 0.52475 0.00000 0.00990
0.95050 0.02970 0.00000 0.00000 0.00000 0.00000 0.08911 0.63366 0.00000 0.03960 0.18812 0.00000 0.00000 0.00000 0.00990 0.02970 0.26733 0.00000 0.00000 0.00000 0.03960 0.57426 0.15842 0.17822 0.15842
0.00000 0.08911 0.00000 0.93069 1.00000 0.00000 0.88119 0.02970 0.00000 0.00000 0.00000 0.00000 0.00000 0.00000 0.00000 0.00000 0.00000 0.00000 0.00000 0.06931 0.00000 0.00000 0.01980 0.00000 0.00000
1.00000 0.00000 0.00000 0.00000 0.00000 0.00000 0.00000 0.00000 0.00000 0.00000 0.00000 0.00000 0.00000 0.00000 0.00000 0.00000 0.00990 0.00000 0.00000 0.00000 0.01980 0.00000 0.00000 0.96040 0.97030
0.00000 0.00000 0.00000 0.00000 0.00000 0.00000 0.00000 0.00000 0.84158 0.00000 0.15842 0.00000 0.08911 0.00000 0.00000 0.00000 0.00990 0.00000 0.00000 0.00000 0.00000 0.00000 0.00000 0.90099 0.90099
0.00000 0.00000 0.97030 0.00000 0.00000 0.02970 0.00000 0.00000 0.00000 0.00990 0.00000 0.00000 0.00000 0.00000 0.00000 0.00000 0.00000 0.00000 0.57426 0.00000 0.00000 0.00990 0.00000 0.00000 0.41584
0.00000 0.87129 0.00000 0.01980 0.00000 0.00000 0.96040 0.04950 0.00000 0.00000 0.09901 0.00000 0.00000 0.00000 0.00000 0.12871 0.00000 0.00000 0.00000 0.00000 0.00000 0.00000 0.00990 0.01980 0.00000
1.00000 0.00000 0.00000 1.00000 0.00000 0.00000 0.00000 0.00000 0.00000 0.00000 0.00000 0.00000 0.00000 0.00000 0.00000 0.00000 0.00000 0.00000 0.00000 0.00000 0.00000 0.00000 0.00000 0.01980 0.00000
0.00000 0.00000 1.00000 0.00000 0.00000 0.99010 0.00000 0.00000 0.00000 0.00000 0.00000 0.00000 0.00000 0.00000 0.00000 0.00000 0.00000 0.00000 0.00000 0.00990 0.00000 0.00000 0.00000 0.00990 0.00000
0.00000 0.00000 0.00000 0.00000 0.00000 0.00000 0.00000 0.00000 0.68317 0.00000 0.31683 0.00000 0.22772 0.00000 0.00000 0.24752 0.00000 0.31683 0.00000 0.00000 0.00000 0.01980 0.00000 0.44554 0.18812
1.00000 0.00000 0.00000 0.00000 1.00000 0.00000 0.00000 0.00000 0.00000 0.00000 0.00000 0.00000 0.00000 0.00000 0.00000 0.00000 0.00000 0.00000 0.00000 0.00000 0.00000 0.00000 0.00000 0.00000 0.00990
0.00000 0.00000 0.93069 0.00000 0.00000 0.05941 0.00000 0.00000 0.00000 0.00990 0.00000 0.00000 0.00000 0.00000 0.00000 0.00000 0.00000 0.00000 0.00000 0.00000 0.00000 0.00000 0.00000 0.00990 0.00990
0.00000 0.00000 0.00000 0.00000 0.00000 0.00000 0.00000 0.00000 0.00000 0.00000 0.00000 0.50495 0.00000 0.45545 0.00000 0.00000 0.00000 0.00000 0.00000 0.00990 0.00000 0.00000 0.00000 0.00000 0.02970
0.00000 0.00000 0.00000 0.00000 1.00000 0.00000 0.00000 0.00000 0.00000 0.00000 0.00000 0.00000 0.00000 0.00000 0.00000 0.00000 0.00000 0.00000 0.00000 0.00000 0.00000 0.00000 0.00000 0.00990 0.00000
