1.00000 1.00000 1.00000 0.75248 0.79208 0.83168 0.80198 0.00990 0.45545 0.45545 0.47525 0.00000 0.51485 0.00000 0.00000 0.45545 0.41584 0.00000 0.24752 0.44554 0.00000 0.00000 0.24752 0.81188 0.00000
0.95050 0.95050 0.75248 0.88119 0.92079 0.86139 0.53465 0.57426 0.29703 0.00000 0.00000 0.00000 0.34653 0.50495 0.00000 0.54455 0.60396 0.04950 0.46535 0.67327 0.04950 0.00000 0.16832 0.00000 0.34653
0.92079 0.70297 0.95050 0.75248 0.03960 0.36634 0.39604 0.00000 0.10891 0.00000 0.00000 0.57426 0.36634 0.42574 0.00000 0.63366 0.00000 0.29703 0.66337 0.28713 0.07921 0.00000 0.32673 0.85149 0.42574
0.91089 0.72277 0.89109 0.77228 0.54455 0.00990 0.33663 0.02970 0.12871 0.00000 0.00000 0.00000 0.38614 0.37624 0.00000 0.00000 0.69307 0.27723 0.70297 0.72277 0.08911 0.00000 0.31683 0.78218 0.47525
0.94059 0.87129 0.85149 0.55446 0.01980 0.00990 0.09901 0.00000 0.10891 0.00000 0.00000 0.00000 0.23762 0.41584 0.00000 0.76238 0.77228 0.12871 0.00000 0.48515 0.05941 0.00000 0.50495 0.65347 0.33663
0.75248 0.00990 0.15842 0.69307 0.68317 0.00000 0.22772 0.77228 0.04950 0.00000 0.00000 0.00000 0.04950 0.44554 0.00000 0.68317 0.38614 0.00000 0.38614 0.00000 0.24752 0.00000 0.54455 0.70297 0.07921
0.82178 0.84158 0.78218 0.00000 0.00000 0.00000 0.15842 0.00000 0.23762 0.00000 0.00000 0.00000 0.37624 0.00000 0.00000 0.55446 0.55446 0.15842 0.55446 0.17822 0.17822 0.00000 0.17822 0.39604 0.00000
0.64356 0.80198 0.74257 0.01980 0.00000 0.00990 0.53465 0.00000 0.60396 0.00000 0.00000 0.00000 0.00000 0.64356 0.00000 0.79208 0.78218 0.19802 0.79208 0.33663 0.35644 0.00000 0.33663 0.24752 0.80198
0.61386 0.02970 0.65347 0.00000 0.00000 0.00990 0.34653 0.00000 0.00000 0.00000 0.00000 0.00000 0.70297 0.64356 0.00000 0.70297 0.69307 0.00000 0.70297 0.38614 0.38614 0.00000 0.38614 0.34653 0.70297
0.47525 0.75248 0.23762 0.02970 0.02970 0.05941 0.07921 0.16832 0.28713 0.00000 0.00000 0.00000 0.52475 0.55446 0.00000 0.47525 0.44554 0.24752 0.50495 0.29703 0.52475 0.00000 0.49505 0.99010 0.53465
0.78218 0.00990 0.03960 0.51485 0.00990 0.00000 0.12871 0.01980 0.09901 0.00000 0.00000 0.00000 0.10891 0.44554 0.00000 0.64356 0.65347 0.00000 0.65347 0.65347 0.21782 0.00000 0.00000 0.49505 0.16832
0.60396 0.00000 0.03960 0.00000 0.00000 0.00000 0.14851 0.00000 0.21782 0.00000 0.00000 0.00000 0.16832 0.00000 0.00000 0.35644 0.35644 0.00000 0.35644 0.39604 0.00000 0.00000 0.39604 0.20792 0.35644
0.00000 0.65347 0.00000 0.00000 0.00000 0.00000 0.23762 0.00000 0.00000 0.00000 0.00000 0.00000 0.22772 0.00000 0.00000 0.34653 0.34653 0.00000 0.34653 0.00000 0.00000 0.00000 0.00000 0.10891 0.34653
0.00000 0.23762 0.00000 0.00000 0.00000 0.00000 0.62376 0.00000 0.00000 0.00000 0.00000 0.00000 0.45545 0.00000 0.00000 0.76238 0.76238 0.76238 0.76238 0.00000 0.00000 0.00000 0.00000 0.13861 0.76238
0.00000 0.00000 0.00000 0.00000 0.04950 0.00000 0.00990 0.00000 0.00000 0.00000 0.00000 0.00000 0.00000 0.94059 0.00000 0.95050 0.00000 0.00000 0.00000 0.95050 0.00000 0.00000 0.00000 0.94059 0.00000
0.00000 0.00000 0.00000 0.00000 0.00000 0.00000 0.00000 0.00000 0.00000 0.00000 0.00000 0.00000 0.00000 0.00000 0.00000 0.00000 1.00000 0.00000 0.00000 0.00000 0.00000 0.00000 0.00000 0.00000 0.00000
0.00000 0.00000 0.00000 0.00000 0.00000 0.00000 0.00000 0.01980 0.00000 0.00000 0.00000 0.00000 0.00000 0.00000 0.00000 0.00000 0.00000 0.00000 0.00000 0.98020 0.00000 0.00000 0.00000 0.98020 0.00000
0.00000 0.00000 0.00000 0.00000 0.00000 0.00990 0.00990 0.00000 0.00000 0.00000 0.00000 0.00000 0.00000 0.98020 0.00000 0.00000 0.99010 0.00000 0.00000 0.00000 0.00000 0.00000 0.00000 0.98020 0.00000
0.29703 0.01980 0.09901 0.00000 0.00000 0.00000 0.30693 0.00000 0.34653 0.00000 0.00000 0.00000 0.32673 0.00000 0.00000 0.58416 0.58416 0.00000 0.58416 0.70297 0.70297 0.00000 0.70297 0.27723 0.58416
0.00000 0.00000 0.00000 0.00000 0.00000 0.00000 0.00000 0.00000 0.00000 0.00000 0.00000 0.00000 0.00000 1.00000 0.00000 0.00000 0.00000 0.00000 0.00000 0.00000 0.00000 0.00000 0.00000 0.00000 0.00000
0.00000 0.00000 0.00000 0.00000 0.00000 0.00000 0.00000 0.00000 0.00000 0.00000 0.00000 0.00000 0.00000 1.00000 0.00000 0.00000 0.00000 0.00000 0.00000 0.00000 0.00000 0.00000 0.00000 0.00000 0.00000
0.00000 0.00000 0.24752 0.00000 0.00000 0.00000 0.00000 0.00000 0.47525 0.00000 0.00000 0.00000 0.48515 0.00000 0.00000 0.75248 0.75248 0.00000 0.75248 0.00000 0.00000 0.00000 0.00000 0.75248 0.75248
0.00000 0.00000 0.00000 0.05941 0.06931 0.00000 0.01980 0.01980 0.00000 0.00000 0.00000 0.00000 0.00000 0.85149 0.00000 0.87129 0.94059 0.00000 0.94059 0.85149 0.00000 0.00000 0.94059 0.83168 0.00000
0.00000 0.00000 0.00000 0.00000 0.00000 0.00000 0.00000 0.00000 0.00000 0.00000 0.00000 0.00000 0.00000 0.00000 0.00000 0.00000 0.00000 0.00000 0.00000 0.00000 0.00000 0.00000 0.00000 0.00000 0.00000
0.00000 0.00000 0.00000 0.00000 0.00000 0.00000 0.00000 0.00000 0.00000 0.00000 0.00000 0.00000 0.00000 0.00000 0.00000 0.00000 0.00000 0.00000 0.00000 0.00000 0.00000 0.00000 0.00000 0.00000 0.00000
