0.99010 0.00990 0.99010 1.00000 0.00000 0.01980 1.00000 0.00000 0.00990 0.44554 0.00000 0.99010 0.98020 0.49505 0.99010 0.00990 0.00000 0.50495 0.00000 0.00000 0.54455 0.00990 0.00990 0.00000 0.00000
0.98020 0.07921 0.90099 0.00000 0.83168 0.00000 0.08911 0.00000 0.54455 0.14851 0.94059 0.15842 0.00000 0.67327 0.03960 0.12871 1.00000 0.71287 0.03960 0.43564 0.16832 0.48515 0.20792 0.45545 0.00000
0.96040 1.00000 0.84158 0.03960 0.00000 0.97030 0.01980 0.52475 0.00000 0.00990 0.03960 0.08911 0.94059 0.01980 0.07921 0.51485 0.07921 0.02970 0.44554 0.55446 0.01980 0.02970 0.01980 0.47525 0.00000
0.04950 0.00000 0.87129 0.94059 0.02970 0.94059 0.00000 0.00990 0.84158 0.14851 0.94059 0.00990 0.00000 0.14851 0.00990 0.10891 0.11881 0.00000 0.04950 0.00000 0.00000 0.00000 0.99010 0.15842 1.00000
0.00000 0.00000 1.00000 1.00000 1.00000 0.00000 0.00000 0.91089 0.00000 0.00000 0.00000 0.00000 0.00000 0.50495 0.00000 0.95050 0.06931 0.42574 0.06931 0.00000 0.00000 0.00000 0.00000 0.08911 0.04950
0.99010 0.00000 0.50495 0.00990 0.33663 0.99010 0.98020 0.99010 0.00000 0.01980 0.00990 0.00990 0.00000 0.00990 0.00990 0.15842 0.65347 0.47525 0.00990 0.24752 0.00990 0.00990 0.00000 0.00990 0.35644
0.00000 0.00000 0.00000 0.00000 0.00000 0.00000 0.00990 0.00000 0.51485 0.00000 0.47525 0.00000 0.99010 0.00000 0.99010 0.00990 0.00000 0.00990 0.54455 1.00000 0.00000 0.00000 0.00000 0.48515 1.00000
1.00000 0.00000 0.00000 0.00000 0.00000 0.04950 0.95050 0.00000 0.88119 1.00000 1.00000 0.00000 0.00000 0.00000 0.00000 0.06931 0.00000 0.04950 0.04950 0.00000 0.47525 0.02970 0.00000 0.11881 0.00000
0.00990 0.99010 0.00990 0.99010 0.00990 0.00000 0.99010 0.75248 0.00000 0.00000 0.00000 0.00000 0.00990 0.00000 0.00000 0.00000 0.00000 0.00000 0.23762 0.00000 0.00000 0.00000 0.49505 0.24752 0.23762
0.00000 1.00000 0.62376 1.00000 0.84158 0.00000 0.00000 0.00000 0.00000 0.15842 0.00000 0.98020 0.00000 0.15842 0.00000 0.00000 0.14851 0.23762 0.00000 0.37624 0.00000 0.00000 0.00000 0.00000 0.37624
0.96040 0.00000 0.00990 0.99010 0.00000 0.00000 0.00990 0.83168 0.47525 0.00000 0.35644 0.00000 0.00000 0.00000 0.02970 0.00000 0.15842 0.00000 0.27723 0.16832 0.11881 0.03960 0.08911 0.00000 0.19802
0.00000 0.00000 0.59406 1.00000 1.00000 0.00000 1.00000 0.00000 0.00000 0.47525 0.00000 0.26733 0.00000 0.00000 0.00000 0.00000 0.14851 0.25743 0.00000 0.40594 0.52475 0.00000 0.00000 0.00000 0.40594
0.00000 1.00000 1.00000 0.00000 0.00000 0.00000 0.00000 0.00000 0.00000 0.00000 0.00000 1.00000 0.00000 1.00000 0.00000 0.00000 0.00000 1.00000 0.00000 0.00000 0.00000 0.00000 0.00000 0.00000 0.00000
1.00000 0.00000 0.00000 0.00000 0.00000 1.00000 0.93069 0.00000 0.00000 0.06931 0.00000 0.00000 0.00000 0.00000 0.93069 0.00000 0.00000 0.00000 0.06931 0.00000 0.00000 0.00000 0.00000 0.00000 0.00000
0.00000 0.00000 0.00000 0.00000 1.00000 0.69307 0.30693 0.00000 0.00000 0.69307 0.02970 0.00000 0.00000 0.00000 0.00000 0.07921 0.00000 0.00000 0.00000 0.06931 0.45545 0.00000 0.00000 0.00000 0.22772
0.99010 1.00000 0.00000 0.00000 0.00000 0.00000 0.00990 0.00000 0.01980 0.00000 0.98020 0.00000 0.00000 0.00000 0.00000 0.00000 0.00000 0.00000 0.00000 0.00000 0.00000 0.00990 0.00000 0.00000 0.00990
0.00000 1.00000 0.00000 0.00000 1.00000 0.00000 0.00000 0.00000 0.00000 0.00000 0.00000 0.00000 0.00000 0.00000 0.00000 0.00000 1.00000 0.00000 0.00000 0.00000 0.00000 0.00000 0.00000 0.00000 0.00000
0.00000 0.00000 0.00000 0.00000 0.00000 1.00000 0.00000 0.00000 0.00000 0.00000 0.00000 0.97030 0.00000 0.00000 0.00000 0.00000 0.00000 0.02970 0.00000 0.00000 0.00000 0.00000 0.00000 0.00000 0.00000
0.00000 1.00000 0.00000 0.00000 1.00000 0.00000 0.00000 0.00000 0.00000 0.00000 0.00000 0.00000 0.00000 0.00000 0.00000 0.00000 0.00000 0.00000 0.00000 0.00000 0.00000 0.00000 0.00000 0.00000 0.00000
0.99010 0.00000 0.00000 1.00000 0.00000 0.00000 0.00990 0.00000 0.00000 0.00000 0.00000 0.00000 0.00000 0.00000 0.00000 0.00000 0.00000 0.00000 0.00000 0.00000 0.00000 0.00990 0.00000 0.00990 0.00990
1.00000 0.00000 0.00000 0.00000 0.00000 0.00000 0.00000 0.00000 0.00000 0.00000 0.00000 0.00000 0.00000 0.00000 0.00000 0.00000 0.00000 0.00000 0.00000 0.00000 0.00000 0.49505 0.00000 0.00000 0.00000
1.00000 1.00000 0.00000 0.00000 0.00000 0.00000 0.00000 0.00000 0.00000 0.00000 0.00000 0.00000 0.00000 0.00000 0.00000 0.00000 0.00000 0.00000 0.00000 0.00000 0.00000 0.00000 0.00000 0.00000 0.00000
0.00000 1.00000 0.00000 0.00000 0.00000 0.00000 0.00000 0.00000 0.00000 0.00000 0.00000 0.00000 0.49505 0.00000 0.49505 0.00990 0.00000 0.00000 0.00000 0.00000 0.00000 0.00000 0.00000 0.00000 0.49505
0.00000 0.00000 0.00000 0.00000 0.00000 0.00000 0.00000 1.00000 0.00000 0.00000 0.00000 0.00000 0.00000 0.00000 0.00000 0.00000 0.00000 0.00000 0.00000 0.00000 0.00000 0.00000 0.00000 0.00000 0.00000
0.00000 0.00000 0.00000 1.00000 0.00000 0.00000 0.00000 0.00000 0.00000 0.00000 0.00000 0.00000 0.00000 0.00000 0.00000 0.00000 0.00000 0.00000 0.00000 0.00000 0.00000 0.00000 0.00000 0.00000 0.00000
