1.00000 1.00000 0.00000 1.00000 0.00000 0.00000 0.00000 1.00000 1.00000 0.00000 0.99010 1.00000 0.00990 1.00000 0.00000 0.00000 0.00000 1.00000 0.00000 0.00000 0.00000 0.00000 0.00000 0.00000 0.00000
0.87129 0.80198 0.13861 0.91089 0.21782 0.81188 0.81188 0.00990 0.21782 0.03960 0.09901 0.01980 0.04950 0.00990 0.00990 0.00000 0.00990 0.18812 0.94059 0.00990 0.99010 0.00000 0.77228 0.01980 0.22772
0.77228 0.00000 0.00000 0.99010 0.00000 0.00000 1.00000 0.05941 1.00000 0.00000 1.00000 0.94059 0.98020 0.00990 0.00000 0.00000 0.00000 0.22772 0.20792 0.00000 0.00000 0.79208 0.02970 0.00000 0.16832
0.97030 0.02970 0.00000 1.00000 0.97030 0.00000 0.00000 1.00000 0.00000 0.02970 0.00000 1.00000 0.00000 0.00000 0.00000 0.97030 0.00000 1.00000 0.02970 0.00000 0.00000 0.01980 0.97030 0.00000 0.00990
0.60396 0.09901 0.00000 0.59406 0.00000 0.00000 0.56436 0.61386 0.90099 0.01980 0.98020 0.84158 0.00000 0.01980 0.00000 0.00990 0.41584 0.32673 0.88119 0.00000 0.00000 0.00000 0.00990 0.05941 0.00000
0.00000 1.00000 1.00000 0.00000 0.00000 0.02970 1.00000 0.00000 0.92079 0.99010 0.07921 0.00000 0.93069 0.00000 0.04950 0.00000 0.92079 0.00000 0.00000 0.00000 0.00000 0.04950 0.00990 0.00990 0.00000
0.18812 0.00000 0.89109 0.17822 0.24752 0.25743 0.01980 0.17822 0.00990 0.11881 0.01980 0.15842 0.03960 0.22772 0.48515 0.00000 0.06931 0.15842 0.38614 0.83168 0.41584 0.38614 0.37624 0.19802 0.42574
0.00990 0.00000 0.93069 0.00000 0.00990 0.98020 0.00000 0.87129 0.01980 0.06931 0.00000 0.07921 0.00990 0.01980 0.98020 0.00990 0.93069 0.04950 0.01980 0.96040 0.05941 0.00000 0.00000 0.93069 0.00000
0.00000 1.00000 1.00000 0.00000 0.00000 0.00000 0.00000 0.00000 0.00000 0.00000 1.00000 0.00000 1.00000 0.99010 0.00000 0.00000 0.00000 0.00000 0.00990 0.00000 0.98020 0.00000 0.98020 0.00990 0.00990
0.00000 1.00000 1.00000 0.00000 0.00000 1.00000 0.00000 0.00000 0.99010 0.00000 0.00000 0.00990 0.00990 0.00000 1.00000 0.00000 0.00000 0.00000 0.00000 0.00000 1.00000 0.00000 0.00000 0.00000 0.00000
1.00000 0.00000 1.00000 1.00000 0.00000 1.00000 0.00000 0.00000 0.00000 0.99010 0.00000 0.00000 0.00000 0.00000 0.00000 0.00000 0.00990 0.00000 0.00000 0.00000 0.00000 0.00000 0.00000 0.00000 0.92079
0.98020 0.00000 0.00000 0.01980 0.00000 1.00000 0.00000 0.96040 0.00000 1.00000 0.00000 0.03960 0.00000 0.00000 0.00000 0.00000 0.99010 1.00000 0.00000 0.00000 0.00000 0.00000 0.00000 0.00990 0.00000
0.00000 0.84158 0.00000 0.00000 1.00000 0.00000 0.00000 0.99010 0.15842 0.00000 0.00000 0.84158 0.00000 0.00000 0.89109 0.97030 0.00990 0.14851 0.00000 0.00000 0.11881 0.00000 0.00000 0.00000 0.02970
0.00000 0.99010 0.00990 0.00990 0.99010 0.00000 0.00000 0.00990 0.98020 0.00000 0.00000 0.00990 0.01980 0.00000 0.00000 0.00000 0.00000 0.00000 0.00990 0.99010 0.00000 0.99010 0.97030 0.00990 0.00990
0.00000 0.00000 0.00000 0.00000 0.00000 0.00000 1.00000 0.23762 0.00990 0.00990 0.00990 0.76238 0.04950 0.00000 0.00000 0.00000 0.79208 0.98020 0.00000 0.00000 0.00000 0.98020 0.00000 0.00000 0.00000
0.00000 0.00000 0.00000 0.00000 0.00000 0.99010 0.00000 0.00990 0.00000 1.00000 0.00000 0.00000 0.99010 0.00000 1.00000 0.99010 0.00000 0.00000 0.00000 0.00000 0.00990 0.00000 0.00000 0.00000 0.00000
0.00990 1.00000 0.00000 0.99010 0.99010 0.00000 0.99010 0.00000 0.00000 0.00990 0.00000 0.00000 0.00000 0.00000 0.00000 0.00000 0.00000 0.00000 0.00000 0.00000 0.00000 0.00990 0.00000 0.00000 0.81188
0.00000 0.00000 0.00000 0.00000 0.00000 0.00000 0.82178 0.69307 0.00000 0.99010 0.07921 0.22772 0.92079 0.00000 0.00000 0.07921 0.25743 0.00000 0.13861 0.00000 0.01980 0.00990 0.00000 0.01980 0.03960
0.99010 0.00000 0.00000 1.00000 1.00000 0.00000 0.00000 0.00000 0.00990 0.00000 0.00000 0.00000 0.00000 0.00000 0.00000 0.00000 0.00000 0.00990 0.99010 1.00000 0.00000 0.00000 0.00000 0.00990 0.00000
0.00000 0.00000 0.00000 0.00000 0.00000 0.00000 0.00000 0.00000 0.00000 0.00000 0.00000 0.00000 0.00000 0.00000 0.20792 0.80198 0.00000 0.00000 1.00000 0.86139 0.79208 0.00000 0.18812 0.90099 0.00000
0.92079 0.98020 1.00000 0.07921 0.00000 0.00000 0.00000 0.01980 0.00990 0.00000 0.00000 0.02970 0.00000 0.00000 0.00000 0.00000 0.00000 0.96040 0.00000 0.00000 0.00990 0.00000 0.00000 0.00000 0.00000
0.00000 0.00000 1.00000 0.00000 1.00000 0.00990 0.00000 0.00000 0.00000 0.98020 0.00000 0.00000 0.00990 0.99010 0.00000 0.00000 0.00990 0.00000 0.00000 0.00000 0.00000 0.00000 0.00000 0.00000 0.00000
0.00000 0.00000 0.00000 0.00000 0.00000 0.00000 0.00000 0.00000 0.00000 0.00000 1.00000 0.00000 1.00000 1.00000 0.00000 0.00000 0.00000 0.00000 0.00000 1.00000 0.00000 0.00000 0.00000 0.00000 0.00000
0.00000 0.00000 0.00000 0.00000 0.00000 0.00000 0.00000 0.00000 0.00000 0.00000 0.00000 0.00000 0.00000 0.00000 0.99010 0.00000 0.00000 0.00000 0.00990 0.00990 1.00000 0.00000 0.00000 0.93069 0.00990
0.00000 0.00000 0.00000 0.00990 0.00000 0.00000 0.00000 0.00000 0.00000 0.00000 0.00000 0.00000 0.00000 0.00000 0.00000 0.00000 0.00000 0.00000 0.00000 0.00000 0.00000 1.00000 0.99010 0.00990 0.86139
