0.98020 0.76238 0.90099 0.39604 0.95050 0.98020 0.47525 0.99010 1.00000 0.07921 0.93069 0.53465 0.26733 0.77228 0.59406 0.12871 0.62376 0.96040 0.52475 0.42574 0.13861 0.95050 0.26733 0.01980 0.46535
0.80198 0.58416 0.94059 0.84158 1.00000 0.79208 0.64356 0.96040 0.87129 0.36634 0.87129 0.63366 0.27723 0.66337 0.87129 0.39604 0.34653 0.52475 0.51485 0.09901 0.46535 0.42574 0.37624 0.67327 0.91089
0.95050 1.00000 0.80198 0.93069 0.94059 0.25743 0.70297 0.76238 0.01980 0.97030 1.00000 0.08911 0.18812 0.99010 1.00000 0.23762 0.98020 0.20792 0.84158 0.96040 0.25743 0.05941 0.16832 0.00990 0.85149
0.92079 1.00000 0.96040 0.90099 0.98020 1.00000 1.00000 0.99010 1.00000 0.06931 0.00000 0.06931 1.00000 0.00000 0.00000 0.94059 0.05941 0.01980 0.14851 0.97030 0.95050 0.02970 1.00000 0.00990 0.12871
0.42574 0.36634 0.98020 0.44554 0.94059 0.34653 0.85149 0.21782 0.67327 0.77228 0.84158 0.00000 0.16832 0.05941 0.99010 0.88119 0.91089 0.91089 1.00000 0.00000 0.02970 0.94059 0.02970 0.36634 0.21782
0.83168 0.99010 0.11881 0.98020 0.96040 0.02970 0.98020 0.98020 0.12871 0.11881 0.91089 1.00000 0.86139 0.90099 0.92079 0.00000 1.00000 0.04950 0.00990 0.13861 0.94059 0.00990 0.08911 0.02970 0.97030
0.99010 0.38614 0.51485 0.35644 0.96040 1.00000 0.76238 1.00000 0.99010 0.01980 0.25743 0.52475 0.52475 0.00000 0.34653 0.19802 0.80198 0.47525 0.99010 0.28713 0.99010 0.00990 0.82178 0.03960 0.26733
0.76238 0.75248 0.85149 0.39604 0.72277 0.75248 0.76238 0.20792 0.95050 0.73267 0.99010 0.08911 0.44554 0.13861 0.35644 0.42574 0.72277 0.83168 0.98020 0.86139 0.27723 0.36634 0.64356 0.10891 0.53465
0.97030 0.69307 0.80198 0.79208 0.04950 0.44554 0.11881 0.03960 0.62376 0.81188 0.79208 0.00000 1.00000 0.45545 0.89109 0.14851 0.54455 0.04950 0.73267 0.00000 0.32673 0.16832 0.72277 0.62376 0.28713
0.76238 0.93069 0.43564 0.91089 0.31683 0.25743 0.04950 0.54455 0.02970 0.02970 0.30693 0.34653 0.33663 0.00990 0.46535 0.97030 0.16832 0.91089 0.78218 0.89109 0.33663 0.00990 0.27723 0.06931 0.46535
0.43564 1.00000 0.50495 0.12871 0.02970 0.32673 0.75248 0.56436 0.61386 0.96040 0.09901 0.01980 0.96040 0.47525 0.66337 0.66337 0.10891 0.07921 0.09901 0.91089 0.70297 0.00990 0.25743 0.68317 0.14851
0.83168 1.00000 0.75248 0.66337 0.98020 0.01980 0.08911 0.23762 0.06931 0.76238 0.05941 0.90099 1.00000 0.08911 0.14851 0.29703 0.29703 0.11881 0.97030 0.87129 0.73267 0.01980 0.39604 0.02970 0.06931
0.78218 0.17822 0.24752 0.17822 0.01980 0.98020 0.98020 0.91089 0.89109 0.33663 0.35644 0.50495 0.03960 0.33663 0.11881 0.58416 0.06931 0.30693 0.03960 0.52475 0.39604 0.64356 0.03960 0.13861 0.18812
0.67327 0.81188 0.78218 0.28713 0.24752 0.85149 0.00000 0.49505 0.91089 0.69307 0.51485 0.03960 0.12871 0.30693 0.34653 0.00000 0.01980 0.13861 0.37624 0.04950 0.00990 0.00000 0.83168 0.95050 0.34653
0.05941 0.31683 0.23762 0.14851 0.93069 0.97030 0.05941 0.87129 0.02970 0.40594 0.87129 0.00000 0.78218 0.57426 0.12871 0.86139 0.70297 0.20792 0.71287 0.79208 0.10891 0.80198 0.41584 0.00000 0.23762
0.38614 0.77228 0.20792 0.27723 0.93069 0.26733 0.83168 0.00000 0.02970 1.00000 0.34653 0.00000 0.11881 0.35644 0.47525 0.80198 0.00000 0.03960 0.45545 0.99010 0.00000 0.70297 0.17822 0.47525 0.59406
0.83168 0.11881 0.00990 0.02970 0.13861 1.00000 0.58416 0.35644 0.69307 0.98020 0.51485 0.86139 0.00990 0.10891 0.98020 0.24752 0.04950 0.14851 0.01980 0.00990 0.00000 0.78218 0.37624 0.31683 0.29703
0.15842 0.01980 0.76238 0.79208 0.90099 0.04950 0.00000 0.75248 0.01980 0.81188 0.74257 0.00990 0.72277 0.00000 0.29703 0.00000 0.49505 0.18812 0.79208 0.06931 0.28713 0.13861 0.53465 0.55446 0.48515
0.88119 0.98020 0.59406 0.20792 0.02970 0.52475 0.85149 0.00990 0.71287 0.53465 0.02970 0.00000 0.41584 0.00990 0.23762 0.35644 0.24752 0.05941 0.23762 0.24752 0.09901 0.06931 0.80198 0.03960 0.05941
0.60396 0.00990 0.19802 0.17822 0.04950 1.00000 0.00000 0.37624 1.00000 0.32673 0.09901 0.10891 0.01980 0.14851 0.07921 0.43564 0.03960 0.97030 0.62376 0.07921 0.02970 0.80198 0.82178 0.29703 0.47525
0.04950 0.00000 0.00990 0.90099 0.01980 0.00990 0.97030 0.93069 0.00990 0.00990 0.00990 0.00990 0.96040 0.00000 0.00000 1.00000 1.00000 0.00000 0.04950 0.00990 0.99010 0.00000 0.00990 0.00000 0.06931
0.61386 0.91089 0.12871 0.00990 0.00990 0.49505 0.95050 0.95050 0.58416 0.20792 0.01980 1.00000 0.06931 0.01980 0.00000 0.06931 0.00000 0.00990 0.00990 0.77228 0.04950 0.02970 0.18812 0.00000 0.20792
0.01980 0.99010 0.01980 0.04950 0.91089 0.02970 0.00000 0.00000 0.00990 0.00000 0.00000 0.95050 0.00000 0.99010 0.00000 0.00000 0.01980 0.00000 0.00990 0.02970 0.96040 0.03960 0.00000 0.88119 0.00000
0.00000 0.86139 0.00990 0.00000 0.90099 0.09901 0.00000 0.00000 0.00000 0.00000 0.05941 0.90099 0.00000 0.00990 0.06931 0.00000 0.00000 0.00000 0.00000 0.12871 0.09901 0.86139 0.00000 0.00000 0.06931
0.02970 0.00000 0.00990 0.02970 0.92079 0.99010 0.00000 0.00000 0.97030 0.00000 0.00000 0.00000 0.00000 0.00000 0.03960 0.00000 0.00000 0.00000 0.00000 0.00000 0.03960 0.00990 0.00000 0.00000 0.00000
