1.00000 1.00000 1.00000 0.99010 1.00000 0.75248 0.56436 0.30693 0.00000 0.06931 0.16832 0.85149 1.00000 0.25743 1.00000 0.37624 0.99010 0.21782 0.17822 0.03960 0.20792 0.60396 0.15842 0.62376 0.42574
1.00000 0.97030 1.00000 0.00990 1.00000 0.99010 1.00000 0.02970 1.00000 1.00000 1.00000 0.00000 0.97030 0.00000 1.00000 0.99010 1.00000 1.00000 0.02970 0.00000 0.00000 0.03960 0.00000 0.00000 0.00000
0.94059 0.99010 0.97030 0.05941 0.98020 0.13861 0.94059 0.95050 0.00990 0.00990 0.04950 1.00000 0.97030 0.91089 0.93069 0.01980 0.08911 0.03960 0.90099 0.02970 1.00000 0.00990 0.05941 0.12871 0.51485
1.00000 0.53465 1.00000 0.00990 0.51485 0.99010 0.99010 0.42574 1.00000 1.00000 1.00000 0.05941 0.01980 0.48515 0.45545 0.01980 0.51485 1.00000 0.45545 0.00000 0.00000 0.00000 0.53465 0.02970 0.26733
0.93069 0.60396 0.31683 0.79208 0.39604 0.90099 0.73267 0.96040 0.00990 0.88119 0.59406 0.11881 0.53465 0.60396 0.15842 0.73267 0.19802 0.08911 0.23762 0.51485 0.05941 0.65347 0.40594 0.00000 0.37624
0.00990 0.99010 0.89109 1.00000 0.00990 0.59406 0.68317 0.67327 0.91089 0.24752 0.05941 0.09901 0.67327 0.51485 0.15842 0.24752 0.20792 0.31683 0.03960 0.22772 0.15842 0.00990 0.14851 0.85149 0.29703
0.01980 0.78218 0.99010 0.82178 0.36634 0.54455 0.69307 0.95050 0.00000 0.30693 0.85149 0.95050 0.00990 1.00000 0.39604 0.00000 0.03960 0.12871 0.05941 0.31683 0.00990 0.24752 0.49505 0.16832 0.31683
1.00000 0.98020 0.98020 1.00000 1.00000 0.01980 0.00000 0.00000 0.99010 0.00000 0.00000 0.00000 0.00000 0.00000 0.89109 0.00000 0.01980 0.11881 0.99010 0.46535 0.53465 0.01980 0.00000 0.26733 0.28713
1.00000 0.83168 0.00000 1.00000 0.00000 0.00000 0.24752 0.99010 1.00000 0.00000 0.75248 0.83168 0.00000 0.00000 0.00000 0.00000 0.16832 0.00000 0.17822 0.40594 0.35644 0.23762 0.21782 0.33663 0.09901
1.00000 0.07921 0.00000 0.00000 0.00000 0.00000 0.70297 1.00000 0.00990 0.97030 0.01980 1.00000 0.78218 0.00000 0.26733 0.04950 0.78218 0.18812 0.10891 0.16832 0.16832 0.04950 0.59406 0.55446 0.48515
0.54455 0.46535 0.52475 0.12871 0.25743 0.65347 0.16832 0.34653 0.44554 0.83168 0.15842 0.02970 0.33663 0.42574 0.38614 0.82178 0.41584 0.89109 0.23762 0.03960 0.35644 0.81188 0.28713 0.71287 0.89109
0.00000 0.19802 0.47525 0.43564 0.87129 0.04950 0.62376 0.44554 0.00990 0.31683 0.20792 0.64356 0.08911 0.10891 0.16832 1.00000 0.37624 0.86139 0.31683 0.38614 0.11881 0.51485 0.24752 0.46535 0.76238
0.00000 0.47525 0.48515 1.00000 1.00000 0.51485 0.37624 0.02970 0.22772 0.79208 0.46535 0.00000 0.36634 0.00000 0.35644 0.36634 0.20792 0.24752 0.01980 0.00000 0.27723 0.10891 0.57426 0.11881 0.62376
0.90099 0.72277 0.07921 0.84158 0.82178 0.18812 0.00990 0.33663 0.01980 0.04950 0.00000 0.64356 0.01980 0.05941 0.08911 0.23762 0.52475 0.36634 0.07921 0.12871 0.14851 0.02970 0.59406 0.35644 0.13861
0.86139 0.00000 0.00000 0.00000 0.00000 0.00000 0.86139 0.00000 1.00000 1.00000 1.00000 0.00000 0.07921 0.12871 0.01980 0.04950 0.13861 0.94059 0.03960 0.06931 0.00000 0.01980 0.04950 0.08911 0.01980
0.00000 0.00000 1.00000 1.00000 1.00000 0.99010 0.00000 0.00000 0.00000 1.00000 0.00000 0.00000 0.00000 0.00000 0.00000 0.00000 0.00000 0.00990 0.00000 0.00000 0.00000 0.00000 0.00990 0.00000 0.00990
0.89109 0.04950 0.30693 0.17822 0.75248 0.59406 0.00000 0.00990 0.64356 0.11881 0.00000 0.00000 0.00990 0.96040 0.02970 0.00000 0.09901 0.33663 0.04950 0.00000 0.00990 0.01980 0.17822 0.13861 0.04950
0.00000 0.00990 1.00000 1.00000 0.99010 0.99010 0.00000 0.00000 0.00000 0.00000 0.00000 0.00000 0.00000 1.00000 0.00000 0.00990 0.00000 0.00000 0.00000 0.00000 0.00000 0.00000 0.00000 0.00000 0.00000
1.00000 0.00000 0.00000 0.00000 0.00000 0.00000 0.00000 0.89109 0.00000 0.00000 0.00000 1.00000 0.00000 1.00000 0.00000 0.00000 0.00000 0.00000 0.00000 0.10891 0.00000 0.00000 0.04950 0.00000 0.10891
0.88119 0.00000 0.00990 0.93069 0.03960 0.01980 0.00000 0.02970 0.97030 1.00000 0.00000 0.03960 0.00000 0.01980 0.00000 0.00000 0.04950 0.03960 0.00000 0.00000 0.00000 0.06931 0.02970 0.14851 0.01980
0.00000 0.00000 0.00000 0.00000 0.00000 0.00000 0.00990 0.00000 0.00000 0.00000 0.99010 0.00000 0.03960 0.00000 0.00000 0.96040 0.00000 0.00000 0.00000 0.00000 0.00000 0.96040 0.00990 0.00990 0.00000
1.00000 0.00000 0.00000 0.00000 0.00000 0.00000 0.00000 0.10891 0.00000 0.00000 0.00000 0.89109 0.00000 0.00000 0.00000 0.00000 0.94059 0.05941 0.00000 0.00000 0.00000 0.00000 0.00000 0.00000 0.00000
0.00000 0.01980 0.79208 0.00000 0.00000 0.17822 0.00000 0.00000 0.90099 0.00990 0.00000 0.00000 0.00000 0.00000 0.02970 0.00000 0.00000 0.06931 0.00000 0.00000 0.15842 0.00000 0.03960 0.09901 0.00990
0.00000 0.69307 0.05941 0.00000 0.93069 0.00990 0.00000 0.00000 0.00000 0.00000 0.00000 0.00000 0.00990 0.00000 0.00990 0.05941 0.06931 0.15842 0.00000 0.00000 0.00990 0.00990 0.22772 0.29703 0.25743
0.94059 0.00000 0.00000 0.00000 0.00000 0.00000 0.00000 0.00000 0.00000 0.00000 0.00000 0.00000 0.00000 0.00990 0.00000 0.00000 0.05941 0.00000 0.00000 0.00000 0.00000 0.04950 0.00000 0.05941 0.01980
