0.00000 0.64356 0.41584 0.00000 1.00000 0.87129 0.49505 1.00000 0.95050 0.60396 0.51485 0.16832 0.07921 0.83168 0.07921 1.00000 0.00000 0.50495 0.17822 0.51485 0.92079 0.80198 0.92079 0.90099 0.44554
0.98020 0.34653 0.67327 1.00000 0.00990 0.86139 0.84158 0.01980 0.00000 0.35644 1.00000 1.00000 0.71287 0.99010 0.11881 0.00990 0.72277 0.01980 0.48515 0.03960 0.01980 0.50495 0.08911 0.45545 0.00000
0.00000 1.00000 1.00000 0.00000 0.11881 0.00000 0.77228 0.00000 0.92079 1.00000 0.00000 0.21782 0.79208 0.00000 0.00990 0.84158 1.00000 0.95050 0.17822 0.11881 0.09901 0.75248 0.04950 0.16832 0.03960
1.00000 1.00000 1.00000 0.93069 0.98020 1.00000 0.01980 1.00000 1.00000 0.93069 0.00000 0.00000 0.00000 0.06931 0.00000 0.06931 0.56436 1.00000 0.00000 0.00000 0.00000 0.01980 0.00000 0.41584 0.41584
0.97030 0.01980 0.00990 1.00000 0.98020 0.00000 0.96040 0.00990 0.02970 0.91089 0.02970 0.98020 0.99010 0.99010 0.00990 0.98020 0.00000 0.08911 0.01980 0.01980 0.99010 0.00000 0.38614 0.25743 0.04950
0.01980 1.00000 1.00000 0.01980 0.98020 0.77228 0.65347 0.98020 0.98020 0.93069 0.09901 1.00000 0.00990 0.94059 0.23762 0.00990 0.21782 0.05941 0.00990 0.05941 0.02970 0.02970 0.22772 0.00990 0.23762
0.87129 1.00000 1.00000 0.99010 0.00000 0.02970 0.88119 0.09901 0.00000 0.00000 1.00000 0.00990 0.78218 0.09901 0.00000 0.19802 0.97030 0.02970 0.00000 0.00000 0.13861 0.00000 0.36634 0.24752 0.30693
0.47525 0.63366 0.90099 1.00000 0.33663 1.00000 0.10891 0.59406 0.21782 0.55446 0.53465 0.35644 0.34653 0.61386 0.14851 0.34653 0.00000 0.28713 0.04950 0.29703 0.20792 0.29703 0.01980 0.01980 0.56436
1.00000 1.00000 0.00000 1.00000 0.99010 0.98020 0.00000 1.00000 0.99010 0.00000 0.00000 0.00000 0.01980 0.00990 0.02970 0.92079 0.01980 0.00990 0.00990 0.97030 0.00990 0.00000 0.04950 0.00000 0.00000
0.00000 1.00000 0.93069 0.00000 0.29703 0.00000 0.32673 0.59406 0.00000 0.15842 0.94059 0.10891 0.55446 0.64356 0.25743 0.05941 0.00000 0.01980 0.01980 0.40594 0.41584 0.68317 0.41584 0.17822 0.00000
0.04950 0.00000 0.00000 0.95050 0.89109 0.00000 0.32673 0.11881 0.00000 0.00000 1.00000 0.78218 0.00000 0.32673 0.88119 0.00990 0.00000 0.00000 0.00990 0.89109 0.66337 0.09901 0.00000 0.67327 0.56436
1.00000 0.00000 0.00990 1.00000 0.58416 0.00000 0.67327 0.44554 0.02970 0.08911 0.20792 0.54455 0.00000 0.68317 0.67327 0.00000 0.07921 0.10891 0.01980 0.02970 0.05941 0.38614 0.21782 0.01980 0.78218
0.99010 0.11881 0.88119 0.00990 0.00000 1.00000 0.00000 1.00000 0.00990 0.98020 0.00000 0.00000 0.00000 0.00000 0.97030 0.00000 0.00000 1.00000 0.00000 0.02970 0.00990 0.00000 0.00990 0.00000 0.11881
0.93069 0.00000 0.00000 0.06931 0.00000 1.00000 0.00000 1.00000 0.00000 0.00000 1.00000 0.00000 0.00000 0.00000 1.00000 0.00000 0.00000 0.00000 0.00000 0.93069 0.00000 0.00000 0.00000 0.00000 0.00000
1.00000 0.95050 0.04950 1.00000 0.00000 0.00000 0.00000 0.00000 0.00000 0.00000 0.00000 0.00000 1.00000 0.00000 0.00000 0.98020 0.00000 0.00000 0.00000 0.01980 1.00000 0.00000 0.01980 0.00000 0.00000
0.00000 0.88119 0.99010 0.00000 0.11881 0.00990 0.84158 0.86139 0.09901 0.01980 0.96040 0.58416 0.11881 0.34653 0.12871 0.00000 0.01980 0.00000 0.00000 0.03960 0.00000 0.00990 0.00000 0.15842 0.12871
0.00000 0.82178 0.94059 0.00000 0.92079 0.00000 0.01980 0.02970 0.22772 0.04950 0.06931 0.00000 0.10891 0.00000 0.00000 0.00000 0.00990 0.00000 0.81188 0.00000 0.05941 0.49505 0.00990 0.07921 0.05941
0.00000 0.99010 1.00000 0.00000 0.00000 0.97030 0.00000 0.00990 0.00990 0.00000 0.00000 0.00000 0.95050 0.01980 0.00000 0.00990 0.02970 0.00000 0.00000 0.01980 0.02970 0.00000 0.00000 0.00990 0.02970
0.00000 0.00000 0.00000 0.00000 1.00000 0.00000 0.00000 0.00000 1.00000 0.00000 0.00000 0.00000 0.00000 0.00000 0.00000 0.00000 0.00000 0.00000 1.00000 0.00000 0.00000 0.48515 0.00000 0.00000 0.00000
0.91089 0.00000 0.00000 0.08911 0.91089 0.00000 0.00000 1.00000 0.00000 0.07921 0.00000 0.00000 0.00000 0.00000 0.00000 0.00000 0.00000 0.00000 0.00000 0.05941 0.00990 0.08911 0.00000 0.00000 0.00000
0.87129 0.09901 0.90099 0.10891 0.00000 0.01980 0.00000 0.08911 0.00000 0.85149 0.00000 0.00000 0.00000 0.00000 0.00000 0.00000 0.00000 0.04950 0.00000 0.00000 0.01980 0.00000 0.14851 0.00990 0.09901
1.00000 0.00000 0.00000 0.99010 0.00000 0.00000 0.00000 0.00000 0.00000 0.00000 0.00000 0.00000 0.00000 0.00990 0.00000 0.00000 0.00000 0.00000 0.00000 0.00000 0.00000 0.00000 0.00000 0.00000 0.00000
0.00000 0.99010 1.00000 0.00000 0.00000 0.00000 0.00000 0.00000 0.00990 0.00000 0.00000 0.00000 0.00000 0.00000 0.00000 0.00000 0.00000 0.00000 0.00000 0.00000 0.00990 0.00990 0.00000 0.00000 0.00000
0.00000 0.00000 0.00000 0.00000 0.00000 1.00000 0.00000 0.00000 0.00000 0.00000 0.00000 0.00000 0.00000 0.00000 0.00000 0.00000 0.47525 0.00000 0.00000 0.00000 0.00000 0.00000 0.00000 0.52475 0.52475
0.00990 0.00000 0.00000 0.99010 0.00000 0.00000 0.00000 0.00000 0.00000 0.00000 0.00000 0.00000 0.00000 0.00000 0.00000 0.00000 0.00000 0.00000 0.00000 0.00000 0.00000 0.00000 0.00000 0.00000 0.00000
