0.29703 0.93069 0.93069 0.21782 0.35644 0.80198 0.68317 0.08911 0.85149 0.88119 0.00000 0.18812 0.92079 0.77228 0.07921 0.01980 0.17822 0.07921 0.04950 0.93069 0.05941 0.89109 0.74257 0.61386 0.82178
0.97030 0.19802 0.05941 0.19802 0.77228 0.98020 0.84158 0.12871 0.00000 0.81188 0.98020 0.95050 1.00000 0.00990 0.07921 0.88119 0.77228 0.22772 0.02970 0.18812 0.88119 0.00000 0.00000 0.85149 0.00000
0.01980 0.94059 0.52475 0.41584 0.54455 0.54455 0.93069 0.05941 0.40594 0.04950 0.52475 0.08911 0.08911 0.59406 0.27723 0.32673 0.78218 0.35644 0.83168 0.52475 0.01980 0.50495 0.66337 0.17822 0.62376
0.91089 0.89109 0.01980 0.02970 1.00000 0.87129 0.95050 0.96040 0.01980 1.00000 0.98020 0.05941 0.81188 0.00990 0.05941 0.91089 0.15842 0.88119 0.10891 0.00000 0.03960 0.10891 0.10891 0.20792 0.02970
0.91089 0.00990 0.00000 0.07921 0.00000 0.82178 0.86139 0.77228 0.99010 0.98020 0.13861 0.92079 0.05941 0.94059 0.98020 0.09901 0.16832 0.90099 0.02970 0.98020 0.05941 0.04950 0.04950 0.07921 0.13861
0.93069 0.00000 0.00000 0.00000 0.00000 0.18812 0.83168 0.00000 0.83168 0.98020 0.00000 0.90099 0.06931 0.16832 0.88119 0.00000 0.87129 1.00000 0.01980 0.97030 0.21782 0.01980 0.00990 0.00000 0.95050
0.33663 0.95050 0.11881 0.78218 0.91089 0.98020 0.03960 0.88119 0.00000 0.77228 0.89109 0.16832 0.00000 0.07921 0.58416 1.00000 0.00000 0.10891 0.04950 0.00990 0.24752 0.03960 0.15842 0.65347 0.09901
1.00000 1.00000 1.00000 0.00990 0.97030 0.00000 0.00990 0.99010 0.00990 0.00000 0.96040 0.00000 1.00000 0.00990 0.00000 0.04950 0.00990 0.00000 0.98020 0.00000 0.00000 0.97030 0.00000 0.99010 0.00990
0.27723 0.02970 0.20792 0.75248 0.34653 0.05941 0.62376 0.94059 0.15842 0.04950 0.81188 0.83168 0.00000 0.91089 0.93069 0.87129 0.32673 0.02970 0.65347 0.10891 0.72277 0.00000 0.00000 0.00990 0.01980
0.94059 0.98020 0.00990 1.00000 1.00000 0.03960 0.97030 0.07921 0.92079 0.01980 0.90099 0.00000 0.00000 1.00000 0.00000 0.01980 0.06931 0.04950 0.94059 0.00990 0.00000 0.03960 0.97030 0.00000 0.00000
0.57426 0.99010 0.01980 0.03960 0.00990 0.11881 0.10891 0.78218 0.41584 0.14851 0.21782 0.61386 0.56436 0.39604 0.00000 0.11881 0.58416 0.90099 0.37624 0.72277 0.38614 0.01980 0.05941 0.59406 0.63366
0.00000 0.00000 0.97030 0.00000 0.01980 0.01980 0.99010 0.00990 0.00000 0.00000 0.00000 1.00000 1.00000 0.00000 1.00000 0.00000 1.00000 0.97030 0.00000 0.98020 0.99010 1.00000 0.00000 0.00000 0.02970
0.96040 0.99010 1.00000 0.05941 0.00000 0.00000 0.00990 0.99010 0.01980 0.03960 0.03960 0.00000 0.00000 0.93069 0.98020 0.95050 0.00000 0.00000 1.00000 0.04950 0.00000 0.99010 0.00990 0.00990 0.94059
0.96040 0.00990 0.87129 0.93069 0.06931 0.98020 0.00000 0.99010 0.00000 0.00990 0.98020 0.02970 0.00000 0.01980 0.00000 1.00000 0.94059 0.00000 1.00000 0.03960 0.01980 0.10891 0.04950 0.00990 0.02970
0.00000 0.84158 0.00000 1.00000 1.00000 0.95050 0.91089 0.00990 0.05941 0.04950 0.96040 0.00000 0.08911 0.00000 0.00000 0.12871 0.84158 0.93069 0.06931 0.17822 0.02970 0.00000 0.87129 0.02970 0.06931
1.00000 0.00000 0.94059 0.96040 0.02970 0.99010 0.00000 0.00000 0.00000 0.94059 0.00990 0.00000 0.02970 0.06931 1.00000 0.99010 0.01980 0.00990 0.00000 0.00990 0.00000 0.98020 0.95050 0.02970 0.00990
0.00000 0.03960 0.93069 1.00000 0.96040 0.07921 0.00990 0.91089 0.99010 0.00000 1.00000 0.00000 0.00000 0.98020 0.00000 1.00000 0.00000 0.00000 0.06931 0.00000 0.00000 0.06931 0.92079 0.00000 0.00000
0.00000 0.83168 0.76238 0.00000 0.06931 0.00000 0.00000 0.98020 0.92079 0.00990 0.12871 0.91089 0.99010 0.05941 0.00000 0.02970 0.00990 0.00000 0.00000 0.04950 0.98020 0.24752 0.00000 0.96040 0.19802
0.80198 0.00000 0.36634 0.02970 0.00000 0.83168 0.20792 0.05941 0.00990 0.15842 0.27723 0.00990 0.37624 0.02970 0.38614 0.13861 0.70297 0.46535 0.68317 0.85149 0.20792 0.26733 0.48515 0.12871 0.24752
0.86139 0.04950 0.00990 0.56436 0.00990 0.13861 0.04950 0.00000 0.27723 1.00000 0.03960 0.63366 0.59406 0.09901 0.03960 0.07921 0.22772 0.95050 0.12871 0.02970 0.24752 0.34653 0.00990 0.94059 0.58416
0.66337 0.47525 0.34653 0.50495 0.02970 0.01980 0.10891 0.15842 0.88119 0.63366 0.29703 0.45545 0.02970 0.89109 0.46535 0.06931 0.00000 0.41584 0.04950 0.04950 0.04950 0.43564 0.18812 0.55446 0.43564
0.00000 0.00000 0.00000 0.00000 0.00990 0.93069 0.02970 0.96040 0.95050 0.02970 0.95050 0.95050 0.00000 0.02970 0.00990 0.05941 0.99010 0.02970 0.00990 0.98020 1.00000 0.00000 0.02970 0.04950 0.00990
0.00000 0.52475 0.55446 0.18812 0.57426 0.00990 0.35644 0.35644 0.00000 0.00990 0.10891 0.50495 0.04950 0.20792 0.66337 0.96040 0.32673 0.00990 0.01980 0.04950 0.68317 0.45545 0.02970 0.39604 0.01980
0.00000 0.09901 0.00000 1.00000 0.90099 0.00000 0.09901 0.00000 1.00000 0.00000 0.00000 0.00000 0.00000 0.90099 0.00000 0.00000 0.00000 0.90099 0.00000 0.00000 0.00000 0.00000 1.00000 0.00000 0.00000
0.00000 0.00000 1.00000 0.00000 0.99010 0.00000 1.00000 0.00000 0.00000 0.00000 0.00000 0.00000 0.99010 0.00990 0.00000 0.00990 0.00000 0.00000 0.00000 0.00000 0.00000 0.98020 0.00000 0.00990 0.00000
