1.00000 0.40594 1.00000 0.18812 1.00000 0.83168 0.88119 0.99010 1.00000 0.00990 0.44554 0.62376 0.98020 0.98020 0.59406 0.54455 0.61386 0.99010 0.44554 0.52475 0.80198 0.16832 0.13861 0.13861 0.50495
0.93069 0.99010 0.09901 0.99010 1.00000 0.50495 0.81188 0.96040 1.00000 1.00000 0.99010 0.92079 0.89109 1.00000 0.09901 0.34653 0.51485 0.83168 0.93069 0.08911 0.14851 0.59406 0.56436 0.15842 0.43564
1.00000 1.00000 1.00000 1.00000 0.00000 1.00000 0.99010 1.00000 0.99010 1.00000 1.00000 0.00000 0.98020 0.94059 0.01980 0.80198 0.99010 0.02970 0.02970 0.00000 0.00990 0.97030 0.03960 0.19802 0.23762
0.98020 0.69307 1.00000 0.67327 0.41584 0.31683 0.82178 0.56436 0.56436 0.89109 1.00000 0.99010 0.36634 0.56436 0.00000 0.64356 0.64356 0.48515 0.90099 0.01980 0.00000 0.20792 0.32673 0.78218 0.25743
0.61386 0.96040 1.00000 0.67327 1.00000 0.97030 0.86139 0.23762 0.11881 0.35644 0.98020 0.64356 0.01980 0.03960 0.06931 0.99010 1.00000 0.40594 0.77228 0.20792 0.00000 0.18812 0.32673 0.34653 0.07921
1.00000 1.00000 0.96040 0.96040 0.03960 0.86139 0.04950 1.00000 0.98020 1.00000 0.96040 0.02970 1.00000 0.05941 0.95050 0.09901 0.03960 0.01980 0.94059 0.00000 0.01980 0.99010 0.00990 0.04950 0.00000
0.73267 0.97030 0.12871 0.98020 0.99010 0.71287 0.99010 0.19802 0.06931 0.02970 0.91089 0.10891 0.72277 0.56436 0.94059 0.50495 0.71287 0.43564 0.36634 0.04950 0.17822 0.36634 0.13861 0.68317 0.69307
0.00000 0.08911 0.00000 0.86139 1.00000 0.97030 0.97030 0.00000 0.99010 0.00000 0.18812 0.00990 1.00000 1.00000 0.04950 0.83168 0.02970 1.00000 0.82178 0.00000 0.02970 0.02970 0.03960 0.12871 0.41584
0.97030 0.51485 0.02970 0.41584 0.99010 0.11881 0.88119 0.29703 0.12871 0.07921 0.83168 0.38614 0.45545 0.80198 0.00990 0.05941 0.65347 0.11881 0.00000 0.63366 0.00990 0.47525 0.59406 0.10891 0.16832
0.39604 0.88119 0.04950 0.43564 0.78218 0.86139 0.34653 0.55446 0.35644 0.04950 0.22772 0.40594 0.06931 0.04950 0.16832 0.01980 0.04950 0.76238 0.21782 0.41584 0.35644 0.65347 0.15842 0.50495 0.17822
0.02970 0.56436 0.92079 0.85149 0.07921 0.00000 1.00000 0.00000 0.05941 1.00000 0.41584 1.00000 0.00000 0.07921 0.37624 0.00000 1.00000 0.00000 0.00000 0.58416 0.00000 0.06931 0.90099 0.29703 0.00000
0.94059 0.90099 1.00000 0.03960 0.00990 0.14851 0.00990 0.76238 0.65347 1.00000 0.88119 0.70297 0.15842 0.16832 0.17822 0.01980 0.06931 0.00990 0.16832 0.05941 0.26733 0.17822 0.28713 0.16832 0.03960
0.21782 0.28713 0.00000 0.30693 0.78218 0.00990 0.16832 0.07921 0.81188 0.74257 0.70297 0.00000 0.82178 0.07921 0.37624 0.08911 0.00000 0.71287 0.09901 0.58416 0.61386 0.73267 0.09901 0.22772 0.14851
0.00990 0.93069 0.82178 0.98020 0.12871 0.00000 0.05941 0.00990 0.36634 0.21782 0.52475 0.00000 0.90099 0.29703 0.11881 0.00000 0.09901 0.82178 0.08911 0.25743 0.30693 0.00000 0.61386 0.55446 0.16832
0.94059 0.86139 1.00000 0.10891 0.00000 0.00000 0.00000 1.00000 0.03960 0.99010 0.15842 0.00000 0.83168 0.00000 1.00000 0.00000 0.00000 0.03960 0.00000 0.00000 0.00000 0.05941 0.00990 0.08911 0.00000
0.46535 0.90099 0.01980 0.01980 0.00000 0.46535 0.00000 0.47525 0.00000 0.61386 0.12871 0.36634 0.36634 0.00000 0.01980 0.57426 0.10891 0.04950 0.34653 0.00000 0.00000 0.63366 0.00990 0.30693 0.19802
0.01980 0.00000 0.98020 0.00000 0.00000 0.22772 1.00000 0.00000 0.00000 0.00000 0.00000 1.00000 0.00000 0.00000 0.00000 0.71287 0.35644 0.01980 0.00000 0.00000 0.00000 0.77228 0.65347 0.35644 0.03960
0.00000 0.15842 0.00000 0.79208 0.00000 0.00000 0.04950 0.00000 0.99010 0.84158 0.00000 0.00000 0.97030 0.89109 0.01980 0.00000 0.00000 0.02970 0.03960 0.00000 0.00990 0.09901 0.23762 0.00000 0.17822
0.92079 0.00990 1.00000 0.00000 0.98020 0.00000 0.00000 0.99010 0.00000 0.00000 0.07921 0.00000 0.00000 0.00000 0.00000 0.00000 0.00000 0.00990 0.00000 0.00000 0.00000 0.00990 0.00000 0.00000 0.00990
0.00000 0.00990 0.99010 0.00990 0.00000 0.00000 0.69307 0.00000 0.92079 0.00990 0.00000 0.02970 0.00990 0.06931 0.01980 0.00000 0.23762 0.18812 0.00000 0.01980 0.76238 0.00000 0.00000 0.00990 0.20792
0.83168 0.01980 0.08911 0.00000 0.00000 0.78218 0.00000 1.00000 0.00000 0.01980 0.08911 0.00000 0.02970 0.00000 0.00000 0.05941 0.02970 0.10891 0.00000 0.00000 0.00990 1.00000 0.04950 0.09901 0.03960
0.00990 0.92079 0.00000 0.97030 1.00000 0.00000 0.00990 0.00000 0.00990 0.04950 0.96040 0.00000 0.00990 0.00000 0.01980 0.00000 0.01980 0.02970 0.01980 0.00000 0.00000 0.02970 0.02970 0.05941 0.00000
0.00000 0.00990 0.00000 0.00000 0.00000 0.00000 0.00000 0.00000 0.00000 0.00000 0.00000 0.99010 0.00000 0.00000 0.99010 0.00000 0.00000 0.00000 0.00000 1.00000 0.00000 0.00000 0.00000 0.00000 0.00990
0.84158 0.07921 1.00000 0.00000 0.00000 0.00000 0.00000 0.10891 0.00990 0.91089 0.03960 0.00000 0.00000 0.00000 0.00990 0.00000 0.00990 0.00000 0.00000 0.00000 0.00000 0.00990 0.00990 0.01980 0.00000
0.00000 0.00000 1.00000 0.00000 0.99010 0.00000 0.00000 0.00000 0.00000 0.00000 0.00990 0.00000 0.00000 0.00000 0.00000 0.00000 0.00000 0.00000 0.00000 0.00000 0.00000 0.00000 0.00000 0.00000 0.00990
