0.96040 1.00000 0.97030 0.84158 0.05941 0.97030 0.86139 0.04950 1.00000 0.00990 1.00000 0.14851 0.90099 1.00000 0.95050 0.10891 0.05941 0.12871 0.73267 0.16832 0.78218 0.10891 0.48515 0.94059 0.29703
0.97030 0.36634 0.92079 0.67327 0.10891 0.90099 1.00000 0.01980 1.00000 0.20792 0.00000 1.00000 0.03960 0.62376 0.82178 0.41584 0.98020 1.00000 0.68317 0.02970 0.87129 0.40594 0.03960 0.59406 0.46535
1.00000 1.00000 0.47525 0.63366 1.00000 0.97030 0.83168 0.56436 0.37624 0.05941 0.38614 0.35644 0.91089 0.92079 0.57426 0.00000 0.89109 0.38614 0.23762 0.27723 0.72277 0.43564 0.68317 0.61386 0.04950
0.98020 0.97030 0.91089 0.50495 0.95050 0.57426 0.94059 0.99010 0.90099 0.99010 0.00000 0.54455 0.12871 0.70297 0.42574 0.00000 0.35644 0.00000 0.46535 0.10891 0.69307 0.54455 0.31683 0.54455 0.39604
0.84158 1.00000 0.99010 0.61386 0.58416 0.93069 0.83168 0.86139 0.57426 0.00000 0.97030 0.33663 0.00000 0.21782 0.66337 1.00000 0.30693 0.78218 0.34653 0.05941 0.73267 0.21782 0.27723 0.49505 0.32673
0.27723 1.00000 0.93069 0.65347 0.40594 0.02970 0.57426 0.38614 0.36634 0.89109 0.91089 0.68317 0.88119 0.16832 0.41584 0.18812 0.65347 0.57426 0.54455 0.12871 0.56436 0.15842 0.67327 0.25743 0.31683
0.77228 1.00000 0.59406 0.42574 0.98020 0.99010 0.02970 0.62376 0.56436 0.19802 0.55446 0.14851 0.89109 0.06931 0.47525 0.30693 0.62376 0.65347 0.24752 0.57426 0.50495 0.47525 0.82178 0.03960 0.13861
0.24752 0.15842 0.88119 1.00000 0.91089 0.89109 0.92079 0.87129 0.04950 0.99010 0.93069 0.04950 0.86139 0.00990 0.01980 0.95050 0.01980 0.00990 0.00000 0.80198 0.04950 0.02970 0.05941 0.06931 0.05941
0.85149 0.95050 0.03960 0.47525 0.99010 0.73267 0.70297 0.25743 0.03960 0.67327 0.71287 0.65347 0.26733 0.98020 0.42574 0.42574 0.27723 0.27723 0.03960 0.78218 0.39604 0.09901 0.16832 0.35644 0.48515
0.39604 0.43564 0.99010 0.81188 0.66337 0.01980 0.91089 0.90099 0.80198 0.09901 0.10891 0.45545 0.00000 0.37624 0.26733 0.29703 0.47525 0.52475 0.00000 0.53465 0.16832 0.00000 0.00000 0.54455 0.41584
0.92079 0.30693 0.91089 1.00000 0.57426 0.47525 0.83168 0.15842 0.42574 1.00000 0.03960 0.81188 0.00000 0.39604 0.19802 0.53465 0.04950 0.27723 0.08911 0.52475 0.00990 0.00000 0.27723 0.26733 0.32673
0.17822 0.35644 0.58416 0.91089 0.85149 0.28713 0.16832 0.11881 0.73267 0.27723 0.05941 0.48515 0.88119 0.87129 0.13861 0.55446 0.46535 0.59406 0.70297 0.15842 0.32673 0.02970 0.64356 0.09901 0.30693
0.01980 0.18812 0.92079 0.55446 0.85149 0.26733 0.70297 0.15842 0.58416 0.00000 0.68317 0.07921 0.19802 0.13861 0.33663 0.59406 0.46535 0.84158 0.41584 0.00000 0.17822 0.34653 0.63366 0.70297 0.46535
0.97030 0.92079 0.05941 0.05941 0.02970 0.00000 0.08911 0.92079 0.86139 0.00000 0.12871 0.94059 0.95050 0.88119 0.02970 0.00000 0.04950 0.00990 0.00000 0.94059 0.03960 0.10891 0.97030 0.00000 0.11881
0.37624 0.99010 0.03960 0.35644 0.57426 0.00990 0.41584 0.96040 0.02970 0.32673 0.22772 0.51485 0.54455 0.61386 0.56436 0.08911 0.12871 0.32673 0.00000 0.87129 0.40594 0.12871 0.41584 0.07921 0.26733
0.00000 0.92079 0.97030 0.00000 0.02970 0.00000 0.85149 0.12871 0.01980 0.94059 0.06931 0.04950 0.00990 0.99010 1.00000 0.01980 0.02970 0.00990 0.90099 0.02970 0.08911 0.82178 0.06931 0.02970 0.07921
1.00000 0.00000 0.00000 0.92079 1.00000 0.00000 1.00000 1.00000 0.00000 1.00000 0.00000 1.00000 0.07921 0.00000 0.00000 0.07921 0.00000 0.00000 0.00000 0.92079 0.00000 0.00000 0.00000 0.00000 0.05941
0.86139 0.00000 0.00000 1.00000 0.98020 0.11881 0.00000 0.15842 0.00000 0.89109 0.00990 0.85149 0.69307 0.12871 0.00000 0.00000 0.87129 0.00000 0.00000 0.14851 0.00000 0.00000 0.16832 0.11881 0.11881
0.33663 0.49505 0.83168 1.00000 0.78218 0.59406 0.07921 0.00000 0.05941 0.07921 0.51485 0.00000 0.45545 0.00000 0.05941 0.12871 0.15842 0.02970 0.01980 0.07921 0.10891 0.37624 0.52475 0.00000 0.00000
0.00990 0.95050 0.81188 0.86139 0.00990 0.07921 0.00990 0.02970 0.75248 0.04950 0.75248 0.02970 0.17822 0.04950 0.15842 0.40594 0.00000 0.52475 0.02970 0.00000 0.10891 0.01980 0.15842 0.39604 0.20792
0.00000 0.00000 0.00000 1.00000 1.00000 1.00000 0.00000 0.00000 0.00000 1.00000 1.00000 0.00000 0.00000 0.00000 0.00000 1.00000 0.00000 0.00000 0.00000 0.00000 0.00000 0.00000 0.00000 0.00000 0.00000
0.00000 0.85149 0.13861 0.00990 0.00990 0.00000 0.00990 0.00000 0.00000 0.83168 1.00000 0.00990 0.00000 0.94059 0.94059 0.00000 0.04950 0.00000 0.01980 0.12871 0.00000 0.13861 0.04950 0.00000 0.00000
0.62376 0.95050 0.60396 0.02970 0.94059 0.01980 0.34653 0.79208 0.20792 0.02970 0.01980 0.04950 0.17822 0.00990 0.00990 0.05941 0.00000 0.08911 0.04950 0.07921 0.00990 0.01980 0.15842 0.16832 0.09901
0.00000 0.00000 1.00000 0.00000 0.00000 0.00000 1.00000 1.00000 0.00000 1.00000 0.00000 0.00000 0.00000 0.00000 0.00000 0.00000 0.00000 0.00000 1.00000 0.00000 0.00000 0.00000 0.00000 0.00000 0.00000
0.94059 0.00000 0.00000 0.00990 1.00000 0.98020 0.00000 0.00000 0.00000 0.00000 0.00000 0.00990 0.00000 0.00000 0.00000 0.00990 0.00000 0.00000 0.00000 0.04950 0.00000 0.00000 0.06931 0.03960 0.01980
