0.70297 0.68317 1.00000 0.83168 0.93069 0.94059 0.44554 0.47525 0.04950 0.68317 0.82178 0.16832 0.30693 0.25743 0.42574 0.71287 0.55446 0.48515 0.12871 0.95050 0.13861 0.01980 0.09901 0.57426 0.35644
1.00000 1.00000 1.00000 1.00000 1.00000 1.00000 0.00000 0.33663 1.00000 0.66337 0.33663 1.00000 1.00000 0.00000 0.00000 0.96040 0.03960 0.00000 0.00000 0.00000 0.00000 0.69307 0.48515 0.00000 0.35644
1.00000 1.00000 0.39604 0.63366 0.00000 0.81188 0.85149 0.95050 0.00000 0.86139 0.03960 0.18812 0.00000 0.12871 0.29703 0.63366 0.40594 0.07921 0.33663 0.00000 0.14851 0.27723 0.01980 0.00000 0.41584
1.00000 0.00000 0.00990 0.69307 0.00000 0.29703 0.00000 0.83168 0.00000 0.00000 0.00000 0.68317 0.98020 0.86139 0.02970 0.95050 0.96040 0.00000 0.11881 0.01980 0.01980 0.27723 0.27723 0.00000 0.31683
1.00000 1.00000 0.82178 0.08911 0.00000 0.01980 0.00990 0.62376 0.00000 0.91089 0.00000 0.00000 0.00000 0.00000 0.99010 0.33663 0.09901 0.09901 0.90099 0.00000 0.18812 0.21782 0.09901 0.09901 0.00990
0.89109 0.05941 0.92079 0.96040 0.00000 0.87129 0.00990 0.30693 0.00000 0.68317 0.01980 0.01980 0.03960 0.00000 0.93069 0.67327 0.10891 0.06931 0.89109 0.00990 0.15842 0.11881 0.11881 0.01980 0.22772
0.09901 0.00000 0.00000 0.44554 0.00000 0.23762 0.00000 0.28713 0.76238 0.60396 1.00000 0.00000 0.90099 0.00000 0.00000 0.29703 0.00000 0.00000 0.04950 0.00000 0.13861 0.00000 0.75248 0.00000 0.11881
0.00000 0.00000 0.90099 0.90099 1.00000 0.03960 0.00000 0.90099 0.00000 0.00990 0.00000 0.04950 0.00000 0.00000 0.07921 0.87129 0.18812 0.00000 0.10891 0.00000 0.33663 0.19802 0.21782 0.21782 0.10891
0.92079 1.00000 0.00000 0.00000 0.00000 0.00000 1.00000 0.00000 0.00000 0.00990 0.00000 0.00000 0.07921 1.00000 0.00000 0.00000 0.00000 0.00000 0.06931 1.00000 0.00000 0.00000 0.00000 0.00000 0.00000
0.00000 0.00000 0.85149 0.76238 1.00000 0.98020 0.00000 0.17822 0.01980 0.00000 0.00000 0.00000 0.00000 0.00000 0.12871 0.00990 0.05941 0.00000 0.00990 0.00000 0.17822 0.37624 0.27723 0.22772 0.13861
0.98020 1.00000 0.00000 0.00000 0.00000 0.00000 0.00000 0.00990 0.00000 0.00990 0.40594 1.00000 0.99010 0.00990 0.00000 0.00000 0.00000 0.58416 0.00000 0.00000 0.00000 0.00000 0.00990 0.00000 0.59406
0.00000 0.00000 0.52475 0.08911 0.00000 0.00000 1.00000 0.26733 0.00000 0.25743 0.00000 0.00000 0.00000 0.00000 0.84158 0.08911 0.36634 0.45545 0.10891 0.00000 0.37624 0.02970 0.22772 0.00000 0.00000
0.00000 1.00000 0.02970 0.00000 0.00000 0.68317 0.97030 0.00000 0.68317 0.00000 0.00000 0.00000 0.00000 0.00000 0.00000 0.00000 0.00000 0.00000 0.31683 0.31683 0.28713 0.00990 0.28713 0.00990 0.31683
0.00000 0.00000 0.99010 0.48515 0.00990 0.00000 0.00000 0.06931 1.00000 0.00000 0.00000 0.00000 0.00000 0.00000 0.00990 0.44554 0.00000 0.00000 0.00000 0.00000 0.30693 0.00000 0.14851 0.00000 0.67327
0.00000 1.00000 0.50495 0.00000 1.00000 0.00000 1.00000 0.00000 0.00000 0.00000 0.00000 0.00000 0.00000 0.00000 0.49505 0.00000 0.00000 0.00000 0.00000 0.00000 0.29703 0.36634 0.49505 0.00000 0.00000
0.00000 0.95050 0.00000 0.00000 0.00000 0.00000 0.04950 0.00000 0.00000 0.85149 0.81188 0.00000 0.05941 0.00000 0.01980 0.00000 0.00000 0.95050 0.14851 0.00000 0.02970 0.05941 0.00000 0.04950 0.24752
0.95050 1.00000 0.00000 0.00000 0.00000 0.00000 0.00000 0.04950 0.00000 0.00000 0.00000 0.00000 0.95050 0.00000 0.00000 0.00000 0.00000 0.00000 0.00000 0.00000 0.00000 0.00000 0.00000 0.00000 0.04950
0.04950 0.00000 0.00000 0.00000 0.00000 0.93069 0.00000 0.01980 0.02970 0.00000 0.00000 0.89109 0.00000 0.03960 0.00000 0.00000 0.00000 0.00000 0.00000 0.91089 0.05941 0.00000 0.03960 0.00000 0.01980
0.00000 0.00000 0.00000 0.00000 1.00000 0.00000 1.00000 0.00000 0.00000 0.00000 0.00000 0.00000 0.00000 0.00000 0.00000 0.00000 0.00000 0.00000 0.00000 0.00000 0.00000 0.00000 0.00000 0.00000 0.00000
0.00000 0.00000 0.00000 0.00000 1.00000 0.00000 0.00000 0.00000 0.00000 0.00000 0.00000 0.00000 0.00000 1.00000 0.00000 0.00000 0.00000 0.00000 0.00000 0.00000 0.00000 0.00000 0.00000 0.00000 0.00000
0.00000 0.00000 0.00000 0.00000 0.00000 0.00000 0.00000 0.00000 1.00000 0.00000 0.00000 0.00000 0.00000 0.00000 0.00000 0.00000 0.00000 0.00000 0.00000 1.00000 0.00000 0.00000 0.00000 0.00000 0.00000
0.00000 0.00000 0.23762 0.00000 0.76238 0.00000 0.00000 0.00000 0.00000 0.00000 0.00000 0.00000 0.00000 0.00000 0.76238 0.00000 0.00000 0.00000 0.00000 0.00000 0.00000 0.00000 0.00000 0.00000 0.00000
0.00000 0.00000 0.00000 0.00000 0.00000 0.00000 0.00000 0.00000 0.00000 0.00000 0.00000 0.00000 0.00000 0.00000 0.00000 0.00000 0.00000 0.00000 0.00000 0.00000 0.23762 0.15842 0.00000 0.25743 0.00000
0.00000 1.00000 0.00000 0.00000 0.00000 0.00000 0.00000 0.00000 0.00000 0.00000 0.00000 0.00000 0.00000 0.00000 0.00000 0.00000 0.00000 0.00000 0.00000 0.00000 0.00000 0.00000 0.00000 0.00000 0.00000
0.88119 0.00000 0.00000 0.00000 0.00000 0.00000 0.00000 0.00000 0.00000 0.00990 0.00000 0.00000 0.11881 0.00000 0.00000 0.00000 0.00000 0.00000 0.10891 0.00000 0.00000 0.00000 0.00000 0.00000 0.00000
