1.00000 0.59406 1.00000 0.47525 0.55446 1.00000 0.53465 0.89109 0.84158 0.98020 0.48515 0.11881 0.53465 0.02970 0.51485 0.54455 0.56436 0.00000 0.98020 0.30693 0.85149 0.44554 0.00000 0.89109 0.76238
0.99010 0.00000 1.00000 0.85149 1.00000 0.00000 0.14851 0.00990 1.00000 0.22772 1.00000 0.00990 0.95050 1.00000 0.83168 0.92079 0.14851 0.05941 0.00000 0.54455 0.22772 0.41584 0.00000 0.82178 0.00000
1.00000 0.94059 0.06931 0.92079 0.94059 0.00000 1.00000 0.88119 0.09901 0.01980 0.11881 0.23762 0.15842 0.84158 0.99010 0.98020 0.00000 0.76238 0.03960 0.87129 0.81188 0.00000 0.92079 0.04950 0.00000
0.40594 0.93069 0.70297 0.50495 0.16832 1.00000 0.18812 0.11881 0.78218 0.98020 0.98020 0.98020 0.02970 0.01980 0.17822 0.84158 0.63366 0.40594 0.31683 0.02970 0.28713 0.22772 0.10891 0.79208 0.66337
0.97030 0.99010 0.01980 0.00990 0.06931 0.97030 0.88119 0.96040 0.07921 0.02970 0.95050 0.97030 0.00990 0.00000 0.99010 0.04950 0.85149 0.98020 0.00000 0.03960 0.07921 0.05941 0.00000 0.94059 0.09901
0.21782 0.91089 0.98020 0.00000 0.13861 0.00000 0.55446 0.69307 0.20792 0.01980 0.15842 0.80198 0.00000 0.00000 0.44554 0.10891 0.92079 0.51485 0.00990 0.50495 0.77228 0.95050 0.00990 0.25743 0.20792
0.60396 0.98020 0.00000 0.85149 0.03960 0.01980 0.59406 0.35644 0.15842 0.43564 1.00000 0.18812 0.55446 0.22772 0.31683 0.63366 0.74257 0.43564 0.00990 0.56436 0.31683 0.12871 0.07921 0.49505 0.00990
0.29703 0.98020 0.02970 0.86139 0.41584 0.86139 0.69307 0.46535 0.69307 0.25743 0.73267 0.84158 0.00000 0.00990 0.39604 0.74257 0.40594 0.23762 0.14851 0.37624 0.33663 0.07921 0.01980 0.24752 0.19802
0.15842 0.20792 0.13861 0.11881 0.88119 0.01980 0.98020 0.39604 0.01980 0.49505 0.91089 0.43564 0.87129 0.93069 0.14851 0.44554 0.01980 0.00000 0.88119 0.43564 0.33663 0.68317 0.90099 0.38614 0.00000
0.02970 0.01980 1.00000 0.24752 0.17822 1.00000 0.01980 0.74257 0.29703 0.50495 0.30693 0.54455 0.15842 0.78218 0.14851 0.66337 0.26733 0.34653 0.18812 0.68317 0.11881 0.00000 0.16832 0.31683 0.25743
1.00000 0.00000 0.00000 1.00000 0.99010 1.00000 1.00000 0.00000 1.00000 0.00000 0.00000 0.00000 1.00000 1.00000 0.00000 0.00000 0.00000 0.00000 1.00000 0.00990 0.00000 0.00000 0.00000 0.00000 0.00000
0.82178 0.67327 0.61386 0.85149 0.80198 0.00000 0.70297 0.27723 0.72277 0.00000 0.24752 0.00990 0.15842 0.48515 0.02970 0.00990 0.00000 0.30693 0.15842 0.19802 0.38614 0.34653 0.46535 0.00000 0.55446
0.96040 0.00990 0.00000 1.00000 1.00000 0.00000 0.00990 0.00000 1.00000 0.00000 0.01980 0.00990 0.00990 0.00000 0.00000 0.00000 0.98020 0.00000 1.00000 0.00990 0.00000 0.00000 0.01980 0.01980 0.88119
0.57426 0.99010 0.38614 1.00000 0.00990 0.00000 0.34653 0.02970 0.04950 0.57426 0.01980 0.33663 0.01980 0.00000 0.03960 0.00000 0.01980 0.00000 0.00000 0.61386 0.38614 0.38614 0.59406 0.66337 0.00000
1.00000 0.00000 0.01980 0.86139 0.83168 0.00000 1.00000 0.12871 0.16832 0.00000 0.83168 0.00000 1.00000 0.00000 0.00000 0.00000 0.00000 1.00000 0.13861 0.01980 0.10891 0.00000 0.00000 0.02970 0.00990
0.70297 0.00000 0.51485 0.45545 1.00000 0.80198 0.22772 0.00000 0.00000 0.00000 0.48515 0.00000 0.68317 0.30693 0.00000 0.00000 0.05941 0.48515 0.74257 0.20792 0.00000 0.01980 0.06931 0.34653 0.00990
0.00000 1.00000 0.00000 0.00000 0.00000 0.00000 0.00000 1.00000 0.00000 0.00000 0.00000 1.00000 0.00000 0.00000 1.00000 0.00000 0.00000 0.00000 0.00000 0.00000 0.00000 0.00000 1.00000 0.00000 0.93069
0.00990 0.77228 0.15842 0.91089 0.00000 0.00000 0.04950 0.02970 0.20792 0.79208 0.00990 0.00000 0.99010 0.00000 0.15842 0.03960 0.00000 0.00990 0.87129 0.01980 0.02970 0.83168 0.00000 0.01980 0.02970
0.27723 0.56436 0.98020 0.00000 0.63366 0.86139 0.00000 0.91089 0.02970 0.01980 0.01980 0.16832 0.00000 0.14851 0.04950 0.09901 0.00000 0.08911 0.13861 0.65347 0.12871 0.16832 0.36634 0.07921 0.00990
0.00000 0.00000 0.00000 1.00000 0.00000 1.00000 0.00000 0.00000 0.00000 1.00000 0.00000 0.00000 0.00000 0.00000 0.00000 1.00000 0.00000 0.00000 1.00000 0.00000 0.00000 0.00000 0.00000 0.00000 0.00000
0.49505 0.87129 0.97030 0.00000 0.30693 0.00990 0.08911 0.66337 0.09901 0.00000 0.89109 0.02970 0.03960 0.00000 0.41584 0.00000 0.05941 0.10891 0.02970 0.00990 0.10891 0.02970 0.03960 0.00990 0.01980
0.00000 0.00000 1.00000 0.00000 0.00000 0.00000 0.00000 0.00000 0.00000 1.00000 1.00000 0.00000 1.00000 0.00000 0.00000 0.00000 0.00000 0.00000 0.00000 0.00000 0.00000 0.00000 0.00000 0.00000 0.00000
0.02970 0.78218 0.01980 0.00000 0.00000 0.00000 0.02970 0.13861 0.94059 0.04950 0.00990 0.00000 0.93069 0.79208 0.00000 0.00000 0.00000 0.00000 0.01980 0.00990 0.05941 0.14851 0.18812 0.00990 0.02970
0.00000 0.00000 0.99010 0.00000 0.00000 0.00000 0.00000 0.00990 0.00000 0.00000 0.00000 0.00000 0.00990 0.99010 0.00000 0.00000 0.00000 0.00000 0.00000 0.00000 0.00990 0.00000 0.99010 0.00990 0.00000
0.00000 0.00000 0.00000 0.00000 0.00000 1.00000 0.00000 0.00000 0.00000 0.00000 0.00000 0.00000 0.00000 0.00000 0.00000 0.00000 0.00000 0.00000 0.00000 0.00000 0.00000 0.00000 0.00000 0.00000 0.00000
