0.08911 0.70297 0.40594 0.03960 0.89109 0.49505 0.97030 0.24752 0.36634 0.91089 0.91089 0.73267 0.96040 0.73267 0.09901 0.03960 1.00000 0.83168 0.79208 0.16832 0.89109 0.99010 0.48515 0.99010 0.00000
0.04950 0.94059 1.00000 0.98020 1.00000 1.00000 1.00000 1.00000 0.99010 0.95050 1.00000 0.00000 0.09901 0.05941 0.00000 0.02970 0.95050 1.00000 0.00000 0.95050 0.01980 0.93069 0.00000 1.00000 0.00000
1.00000 0.61386 0.64356 0.36634 0.02970 0.56436 0.10891 0.29703 0.83168 0.28713 0.53465 0.99010 0.80198 0.97030 0.44554 0.83168 0.60396 0.13861 0.18812 0.90099 0.00990 0.16832 0.37624 0.02970 0.51485
0.89109 0.86139 0.71287 1.00000 0.11881 0.87129 0.39604 1.00000 0.55446 0.50495 0.68317 0.04950 0.51485 0.00990 0.54455 0.97030 0.19802 0.26733 0.00000 0.88119 0.43564 0.10891 0.05941 0.30693 0.30693
0.12871 0.64356 0.19802 0.32673 0.01980 0.78218 0.97030 0.49505 0.56436 0.38614 0.67327 0.46535 0.24752 0.66337 0.73267 0.04950 0.73267 0.38614 0.80198 0.19802 0.19802 0.93069 0.12871 0.54455 0.78218
0.01980 0.88119 0.98020 0.16832 0.97030 0.95050 0.06931 0.02970 0.95050 0.87129 0.00990 0.01980 1.00000 0.94059 0.95050 0.06931 0.81188 0.00990 0.75248 0.01980 0.11881 0.25743 0.00000 1.00000 0.24752
0.82178 0.18812 0.82178 0.09901 0.99010 0.79208 0.96040 0.95050 0.20792 1.00000 0.80198 1.00000 0.00000 0.02970 0.08911 0.00000 0.01980 0.95050 0.04950 0.06931 0.02970 0.36634 0.76238 0.76238 0.21782
0.64356 0.85149 0.89109 0.62376 0.05941 0.72277 0.18812 0.38614 0.98020 0.71287 0.82178 0.24752 0.29703 0.19802 0.50495 0.32673 0.31683 0.15842 0.33663 0.83168 0.02970 0.23762 0.00000 0.15842 0.48515
0.95050 0.60396 0.00990 1.00000 0.00000 0.00000 0.00000 0.00000 0.97030 0.38614 0.39604 0.03960 0.77228 0.63366 0.60396 0.03960 1.00000 0.00000 1.00000 0.00000 1.00000 0.00990 0.60396 0.00000 0.65347
0.99010 1.00000 0.94059 0.01980 0.02970 0.91089 0.92079 0.00000 0.07921 0.00000 0.18812 1.00000 0.90099 0.00990 0.23762 0.79208 0.00000 0.02970 0.82178 0.97030 0.05941 1.00000 0.00000 0.05941 0.00000
0.05941 0.67327 0.89109 0.04950 0.98020 0.16832 0.24752 0.84158 0.86139 0.99010 0.92079 0.04950 0.01980 0.86139 0.19802 0.69307 0.00990 0.64356 0.00990 0.40594 0.08911 0.14851 0.14851 0.20792 0.92079
0.85149 0.08911 0.00000 0.77228 0.06931 0.03960 0.03960 0.00000 0.17822 0.00990 0.95050 1.00000 0.00000 0.64356 0.20792 0.90099 0.79208 0.94059 0.00000 0.90099 0.21782 0.15842 0.82178 0.06931 0.29703
0.99010 0.36634 1.00000 0.01980 0.92079 0.87129 0.17822 0.73267 0.83168 0.93069 0.01980 0.78218 0.00000 0.61386 0.00000 0.00000 0.16832 0.07921 0.14851 0.00000 0.26733 0.48515 0.34653 0.14851 0.08911
0.91089 0.31683 0.62376 0.04950 0.52475 0.77228 0.47525 0.95050 0.04950 0.06931 0.00990 0.39604 0.88119 0.00990 0.67327 0.82178 0.02970 0.40594 0.08911 0.00990 0.03960 0.63366 0.01980 0.64356 0.23762
0.00990 0.98020 0.00990 0.98020 0.01980 0.00990 0.98020 0.98020 0.01980 0.00990 0.01980 0.00990 1.00000 0.00000 0.99010 0.97030 0.99010 0.00000 0.00000 0.01980 0.00990 0.00990 0.00000 0.95050 0.00000
0.69307 0.57426 0.59406 0.01980 0.68317 0.22772 0.59406 0.57426 0.03960 0.22772 0.72277 0.36634 0.33663 0.05941 0.01980 0.69307 0.00000 0.85149 0.00990 0.62376 0.04950 0.92079 0.00000 0.32673 0.10891
0.00000 0.00000 0.98020 0.88119 0.93069 0.21782 0.00000 0.01980 0.86139 0.99010 0.00000 0.00000 0.00990 0.90099 0.08911 0.00990 0.11881 0.08911 0.95050 0.00000 0.98020 0.00990 0.00000 0.84158 0.05941
0.03960 0.01980 0.06931 0.00000 0.69307 0.50495 0.19802 0.07921 0.11881 0.18812 0.81188 0.96040 0.00000 0.81188 0.00000 0.07921 0.08911 0.23762 0.02970 0.00000 0.95050 0.00000 0.96040 0.09901 0.24752
0.38614 0.34653 0.54455 0.57426 0.01980 0.70297 0.52475 0.98020 0.88119 0.29703 0.04950 0.02970 0.03960 0.01980 0.03960 0.00000 0.03960 0.00000 0.73267 0.03960 0.86139 0.15842 0.00000 0.47525 0.14851
0.97030 0.07921 0.10891 1.00000 0.74257 0.00000 0.10891 0.95050 0.07921 0.80198 0.00990 0.02970 0.01980 0.16832 0.99010 0.71287 0.00000 0.21782 0.00000 0.00000 0.67327 0.00000 0.00000 0.10891 0.00000
0.54455 0.00000 0.00990 0.00000 0.00000 0.06931 0.42574 0.48515 0.10891 0.00000 0.60396 0.45545 0.00990 0.32673 0.00000 0.00000 0.00000 0.34653 0.47525 0.00000 0.09901 0.01980 0.82178 0.01980 0.66337
0.00000 0.95050 0.00000 1.00000 0.00000 0.03960 0.00990 0.00000 0.00000 0.00000 0.00000 0.00000 1.00000 0.00000 1.00000 1.00000 0.00000 0.00000 0.00000 1.00000 0.00000 0.00000 0.00000 0.00000 0.00000
0.90099 0.15842 0.00000 0.00000 0.00000 0.05941 0.00990 0.00000 0.01980 0.00000 0.03960 0.09901 1.00000 0.01980 0.81188 0.02970 0.00000 0.00000 0.89109 0.00000 0.06931 0.75248 0.88119 0.00000 0.00000
0.95050 0.00000 0.00000 0.99010 0.00000 0.00000 0.00000 0.00000 0.00000 0.00000 0.01980 0.99010 0.00000 0.00000 0.05941 0.00000 0.94059 0.00000 0.00000 0.00000 0.00000 0.03960 0.00000 0.00990 0.02970
0.00000 0.00000 0.00990 0.00000 0.92079 0.00000 0.00000 0.00000 0.00000 0.03960 0.00000 0.00000 0.00000 0.00000 0.00000 0.02970 0.00000 1.00000 0.00000 0.96040 0.00000 0.00000 0.00000 0.02970 0.00000
