1.00000 1.00000 1.00000 1.00000 1.00000 1.00000 1.00000 1.00000 1.00000 1.00000 1.00000 1.00000 1.00000 1.00000 0.49505 0.57426 0.55446 0.39604 0.00000 0.00000 1.00000 0.00000 0.00000 0.00000 0.00000
1.00000 1.00000 1.00000 1.00000 1.00000 1.00000 1.00000 0.56436 1.00000 1.00000 1.00000 1.00000 1.00000 1.00000 0.18812 0.16832 0.19802 0.17822 0.50495 0.00000 0.00000 0.00000 0.00000 0.00000 0.00000
1.00000 0.00000 0.00000 0.00000 0.00000 0.00000 0.00000 0.59406 0.00000 0.00000 0.00000 0.00000 0.00000 0.00000 0.11881 0.55446 0.15842 0.14851 0.14851 0.00000 0.00000 0.00000 0.00000 0.00000 0.00000
0.99010 0.00000 0.00990 0.82178 0.00000 0.00000 0.00000 0.00000 0.00000 0.00000 0.00000 0.00000 0.00000 0.17822 0.00000 0.00000 0.00000 0.00000 0.00000 0.00000 0.00990 0.00000 0.00000 0.00000 0.00000
0.88119 0.00000 0.85149 0.00000 0.00990 0.09901 0.10891 0.00000 0.00000 0.00000 0.00990 0.00000 0.85149 0.00990 0.00000 0.17822 0.00000 0.00000 0.00000 0.00000 0.11881 0.14851 0.00000 0.90099 0.11881
0.00000 1.00000 0.00000 0.00000 0.00000 0.79208 0.00000 0.00000 0.08911 0.04950 0.02970 0.06931 0.06931 0.07921 0.00000 0.82178 0.00000 0.00000 0.00000 0.00000 0.00000 0.00000 0.00000 0.20792 0.00000
0.94059 0.00000 0.85149 0.00000 0.80198 0.00990 0.06931 0.00000 0.00990 0.00990 0.00000 0.00000 0.00990 0.00000 0.13861 0.25743 0.00000 0.00000 0.00000 0.00000 0.05941 0.14851 0.00000 0.00000 0.05941
0.89109 0.94059 0.02970 0.50495 0.00000 0.01980 0.00000 0.00990 0.00000 0.00000 0.00990 0.00000 0.02970 0.53465 0.00000 0.02970 0.00000 0.02970 0.00000 0.00000 0.09901 0.00000 0.00000 0.00000 0.60396
0.00000 1.00000 0.00000 0.99010 0.00000 0.00000 0.00000 0.00000 0.03960 0.05941 0.04950 0.06931 0.04950 0.03960 0.00000 0.70297 0.00000 0.00000 0.00000 0.00000 0.00000 0.00000 0.00000 0.00000 0.00990
0.00000 0.00000 1.00000 0.00000 0.00000 0.00000 0.00000 0.00000 0.00000 0.00000 0.00000 0.00000 0.00000 0.00000 0.00000 0.00000 0.00000 0.00000 0.00000 0.00000 0.00000 0.00000 0.00000 0.00000 0.00000
0.00000 0.00000 0.00000 0.00000 0.00000 0.54455 0.00000 0.00000 0.00990 0.00000 0.00000 0.00000 0.43564 0.00000 0.00000 0.00990 0.00000 0.00000 0.00000 0.00000 0.00000 0.00000 0.00000 0.00000 0.00000
0.00000 0.00000 0.00000 0.00000 0.00000 0.00000 0.32673 0.00000 0.02970 0.04950 0.03960 0.00990 0.00990 0.01980 0.00000 0.51485 0.00000 0.00000 0.00000 0.00000 0.00000 0.00000 0.00000 0.00000 0.00000
0.00990 0.00000 0.97030 0.00000 0.00000 0.00000 0.03960 0.00000 0.04950 0.02970 0.08911 0.01980 0.03960 0.02970 0.00000 0.72277 0.00000 0.00000 0.00000 0.96040 0.00000 0.02970 0.00000 0.00000 0.00000
0.00000 0.99010 0.00000 0.00000 0.00000 0.00000 0.00000 0.00000 0.00000 0.00000 0.00000 0.00000 0.00990 0.00990 0.14851 0.13861 0.19802 0.18812 0.13861 0.00000 0.00000 0.00000 0.00000 0.00000 0.00000
0.00000 0.00000 0.00000 0.00000 1.00000 0.00000 0.00000 0.00000 0.00000 0.00000 0.00000 0.00000 0.00000 0.00000 0.12871 0.15842 0.15842 0.19802 0.11881 0.00000 0.00000 0.00000 0.00000 0.00000 0.00000
0.00000 0.00000 0.00000 0.58416 0.00000 0.00000 0.00000 0.00000 0.00000 0.00000 0.00000 0.00000 0.00000 0.40594 0.00000 0.00990 0.00000 0.00000 0.00000 0.00000 0.00000 0.00000 0.00000 0.00000 0.41584
0.00000 0.00000 0.00000 0.00000 0.00000 0.00000 0.00000 0.00000 0.05941 0.01980 0.00990 0.01980 0.06931 0.03960 0.00000 0.78218 0.00000 0.00000 0.00000 0.00000 0.00000 0.00000 0.00000 0.00000 0.00000
0.00000 0.00000 0.00000 0.00000 0.00000 0.00000 0.00000 0.00000 0.00000 0.00000 0.00000 0.00000 0.00000 0.00000 0.00000 0.00000 0.00000 0.00000 0.00000 0.00000 0.00000 0.00000 0.00000 0.00000 0.00000
0.00000 0.00000 0.00000 0.00000 0.79208 0.00000 0.00000 0.00000 0.00000 0.00000 0.00000 0.00000 0.00000 0.00000 0.15842 0.16832 0.00000 0.00000 0.00000 0.00000 0.00000 0.00000 0.00000 0.00000 0.00000
0.00000 0.00000 0.00000 0.00000 0.00000 0.00000 0.00000 0.00000 0.00000 0.00000 0.00000 0.00000 0.00000 0.00000 0.19802 0.11881 0.16832 0.14851 0.13861 0.00000 0.00000 0.00000 0.00000 0.00000 0.00000
0.00000 0.00000 0.00000 0.00000 0.00000 0.00000 0.00000 0.04950 0.00990 0.00000 0.02970 0.03960 0.01980 0.02970 0.00000 0.82178 0.00000 0.00000 0.00000 0.00000 0.95050 0.00000 0.00000 0.00000 0.00000
0.00000 0.00000 0.00000 0.00000 0.00000 0.00000 0.00000 0.00000 0.05941 0.03960 0.02970 0.01980 0.01980 0.04950 0.00000 0.78218 0.00000 0.00000 0.00000 0.00000 0.00000 0.00000 0.00000 0.00000 0.00000
0.00000 1.00000 0.00000 0.00000 0.00000 0.00000 0.00000 0.00000 0.00000 0.00000 0.00000 0.00000 0.00000 0.00000 0.00000 0.00000 0.00000 0.00000 0.00000 0.00000 0.00000 0.00000 0.00000 0.00000 0.00000
0.00000 0.00000 0.00000 0.00000 0.00000 0.00000 0.00000 0.00000 0.04950 0.00990 0.05941 0.04950 0.01980 0.03960 0.00000 0.77228 0.00000 0.00000 0.00000 0.00000 0.00000 0.00000 0.00000 0.00000 0.00000
0.00000 0.00000 0.00000 0.00000 0.00000 0.00000 0.00000 0.00000 0.05941 0.07921 0.03960 0.04950 0.03960 0.04950 0.00000 0.68317 0.00000 0.00000 0.00000 0.00000 0.00000 0.00000 0.00000 0.00000 0.00000
