# File created on Sat May  2 13:31:59 2020
0 1 0 1 0 0 0 0 0 1 0 0 0 0 0 0 1 0 1 0 0 1 0 0 0 
0 0 1 0 1 0 0 0 0 0 0 1 0 1 0 0 0 1 0 1 0 0 0 0 0 
1 0 1 0 0 0 0 1 0 1 0 1 0 0 0 0 0 0 1 0 0 0 0 0 0 
1 1 0 0 1 0 1 1 0 0 0 0 0 0 0 0 0 0 0 0 1 0 1 0 0 
0 0 0 1 0 0 1 0 1 1 0 0 1 1 0 1 0 0 0 0 0 0 0 0 0 
1 0 0 0 1 0 0 0 0 1 0 0 0 0 1 0 0 1 0 0 0 0 1 1 0 
1 0 1 0 0 0 0 1 0 0 0 1 1 1 0 0 0 0 0 0 0 0 0 1 0 
0 0 1 0 0 0 0 0 1 1 0 0 0 0 1 0 0 0 1 0 1 0 0 0 1 
1 0 1 0 0 0 0 0 1 0 1 0 1 0 0 0 0 1 0 0 0 0 0 0 1 
1 0 0 1 0 1 0 0 1 1 0 0 0 0 0 0 0 1 0 0 0 0 0 0 1 
0 0 1 0 0 0 0 1 1 1 0 1 0 0 0 0 0 0 1 0 0 1 0 0 0 
0 1 0 0 1 0 0 1 1 0 0 0 0 0 0 0 1 0 0 1 0 0 0 0 1 
0 0 0 0 0 0 0 0 0 1 0 0 1 1 1 0 1 1 0 1 0 0 0 0 0 
0 0 1 0 0 0 1 0 1 0 0 0 0 0 1 0 1 0 0 1 0 0 0 0 1 
0 0 0 0 0 0 0 1 0 1 0 0 0 1 1 0 0 0 0 1 1 1 0 0 0 
0 0 0 0 0 0 0 0 1 0 1 0 0 0 0 1 0 1 1 0 0 0 0 1 1 
0 1 0 0 1 0 1 0 1 0 1 0 0 0 0 0 1 0 0 0 0 0 0 0 1 
1 0 0 0 0 0 1 1 0 0 1 1 0 0 0 0 1 0 0 0 0 0 0 1 0 
0 0 0 1 1 0 0 0 0 0 0 0 1 0 0 1 0 0 1 1 1 0 0 0 0 
0 0 0 0 0 1 0 0 0 1 1 0 0 0 0 1 1 0 0 1 0 0 0 1 0 
0 0 0 1 0 0 0 0 0 1 0 1 0 1 1 1 0 0 0 0 0 0 0 1 0 
0 0 1 0 0 0 0 1 0 0 0 1 0 0 1 0 1 0 0 0 1 1 0 0 0 
1 0 0 0 0 0 0 0 0 0 1 1 0 0 0 0 1 1 0 0 1 0 1 0 0 
0 0 1 0 1 0 0 0 1 0 0 0 0 0 1 0 0 1 1 0 0 0 0 0 1 
0 0 0 0 0 0 1 1 0 1 0 1 0 0 0 0 1 0 0 1 1 0 0 0 0 