# File created on Sat May  2 12:20:04 2020
0 0 1 1 0 0 0 1 0 0 1 0 0 0 0 0 0 0 0 0 0 0 1 0 1 
0 1 0 0 0 0 0 0 1 0 0 0 0 1 0 1 0 1 0 0 0 0 0 1 0 
0 1 1 1 0 0 1 0 0 0 1 0 0 0 0 0 0 0 1 0 0 0 0 0 1 
0 1 0 0 0 0 1 0 0 0 0 1 1 1 0 1 0 1 0 0 0 0 0 0 0 
1 1 0 0 0 0 0 1 0 0 0 0 0 0 0 1 0 0 0 1 0 1 0 1 0 
0 1 0 0 0 0 0 1 1 1 0 1 0 0 1 1 0 0 0 0 0 0 0 0 0 
1 0 0 0 0 0 1 0 0 1 0 0 0 0 0 1 0 0 1 0 1 1 0 0 0 
0 1 0 1 0 0 0 0 1 0 0 1 0 1 0 0 0 0 0 0 1 0 1 0 0 
0 0 1 0 0 0 0 1 1 0 1 1 1 0 0 0 0 0 0 0 0 0 0 0 0 
0 1 0 1 0 1 0 0 0 0 0 0 0 1 0 0 1 0 0 0 0 0 1 0 1 
0 0 0 1 0 0 0 0 1 0 1 1 0 0 0 0 0 0 0 0 1 0 0 0 1 
0 0 1 1 0 0 1 0 1 0 0 0 0 0 1 0 0 0 0 1 0 0 0 0 1 
0 0 1 0 0 0 0 0 1 0 0 0 0 0 1 0 1 0 0 1 1 0 0 0 1 
0 0 0 1 0 0 0 0 1 0 0 1 0 0 0 0 0 0 1 0 0 0 0 1 1 
0 0 1 1 0 0 0 0 0 1 0 0 1 0 0 0 0 0 0 1 0 1 1 0 0 
1 1 1 0 0 1 0 0 0 0 0 0 0 0 0 0 1 0 0 0 1 0 0 1 0 
0 0 0 0 0 0 0 1 0 0 1 0 0 0 0 1 0 0 1 1 1 0 1 0 0 
0 1 0 0 0 1 1 1 0 0 0 0 0 0 0 1 0 0 0 0 1 0 1 0 0 
0 1 1 0 0 1 1 0 0 0 0 1 0 0 1 0 0 0 0 0 0 1 0 0 1 
1 0 0 1 0 0 0 0 1 0 0 0 1 0 0 0 0 0 1 1 1 0 0 1 0 
1 1 0 0 1 0 0 1 0 1 0 0 0 0 0 0 1 0 0 1 0 0 0 1 0 
1 0 0 0 0 1 1 0 0 1 1 0 0 0 0 0 0 1 1 0 0 1 0 0 0 
0 0 1 0 0 1 1 1 0 0 0 0 1 0 1 0 0 1 1 0 0 0 0 0 0 
1 0 0 1 0 1 0 0 0 0 1 1 0 0 1 0 0 0 1 0 1 0 0 0 0 
0 1 0 0 1 1 0 0 1 1 0 0 0 0 0 1 0 0 0 1 0 0 0 0 1 