# File created on Sat May  2 17:55:35 2020
1 0 0 1 0 0 0 1 0 0 0 0 0 0 0 0 1 1 0 0 1 0 0 0 0 
1 0 0 0 1 0 0 1 0 0 1 0 1 0 0 0 0 0 0 1 0 0 0 0 0 
0 0 1 0 0 0 0 0 0 0 0 0 1 1 0 0 0 0 0 1 0 1 1 0 0 
0 0 1 0 1 0 0 0 0 0 0 0 1 0 0 1 0 1 0 1 0 0 0 1 0 
1 0 1 0 0 0 1 1 0 0 0 0 0 0 1 0 0 0 0 1 0 0 0 0 1 
0 1 0 0 0 0 0 0 0 0 1 0 0 0 0 1 1 0 0 1 0 1 1 0 0 
0 0 0 1 0 0 1 0 1 0 0 0 0 0 0 0 1 1 0 0 0 0 1 1 0 
1 0 0 0 0 0 0 1 0 0 0 0 0 0 0 0 1 1 0 1 0 0 1 1 0 
1 0 0 0 0 0 0 1 0 0 1 0 0 1 1 0 0 1 0 0 1 0 0 0 0 
0 0 0 0 0 0 1 0 0 0 1 1 0 0 0 1 0 0 1 1 0 0 0 0 0 
0 0 0 1 0 1 0 1 1 1 0 1 0 0 0 0 0 0 1 0 0 0 0 0 0 
0 1 1 0 0 1 1 0 0 1 0 0 0 1 0 0 0 0 1 0 0 0 0 0 0 
0 0 0 1 0 1 1 0 1 0 0 0 0 1 0 1 0 0 0 0 0 0 0 0 1 
0 0 0 0 1 0 0 1 0 0 0 1 1 0 0 0 0 1 0 0 0 1 0 1 0 
1 0 0 0 0 0 0 0 0 1 1 1 1 0 0 0 0 0 0 0 1 0 1 0 0 
1 0 0 1 0 0 0 1 0 0 0 0 0 0 0 1 1 1 1 0 0 0 0 0 0 
1 0 0 1 1 0 0 0 0 0 0 1 0 0 0 0 0 0 1 0 1 0 0 0 1 
1 0 0 0 1 1 0 0 0 0 1 0 0 0 0 0 1 0 1 0 1 0 0 0 0 
0 1 0 0 1 0 0 0 1 0 0 0 1 0 1 0 0 0 0 0 0 0 0 1 1 
1 0 0 0 0 0 0 0 0 0 1 1 0 0 0 0 1 0 1 0 0 0 1 0 1 
0 0 1 0 0 1 0 1 0 0 0 0 0 0 0 1 0 0 1 0 0 0 0 0 1 
1 1 0 1 0 0 0 1 0 1 0 0 0 0 0 0 0 0 0 0 0 1 0 1 0 
0 0 0 1 0 0 0 1 0 0 0 0 1 1 0 0 0 0 0 1 0 1 1 0 0 
0 0 0 1 0 0 0 0 1 0 0 0 0 1 1 1 0 0 0 1 0 0 1 0 0 
0 0 0 1 1 0 0 0 0 0 1 1 1 0 0 0 0 1 0 0 0 0 0 1 0 
0 1 1 0 0 0 0 0 0 1 0 1 0 0 0 0 0 0 0 0 1 1 0 0 1 
1 0 0 1 0 0 0 0 0 1 0 1 0 0 0 0 0 0 1 1 0 0 0 1 0 
1 0 1 0 0 0 0 1 0 0 1 0 0 0 0 0 0 1 1 0 0 1 0 0 0 
0 0 0 0 0 0 1 1 0 0 0 0 1 0 1 0 1 0 0 0 0 1 1 0 0 
0 1 0 0 1 1 1 1 0 0 1 0 0 0 0 0 0 0 0 0 1 0 0 0 0 
0 0 0 1 1 0 1 0 0 1 0 0 1 0 0 1 1 0 0 0 0 0 0 0 0 
1 0 1 1 0 0 0 0 0 0 1 1 0 0 0 1 0 0 0 0 0 0 0 1 0 
0 0 0 1 0 0 0 0 1 0 0 0 0 1 0 0 0 1 0 0 0 1 0 0 1 
1 0 1 0 0 0 1 0 0 0 0 1 0 0 0 0 0 0 0 1 1 0 1 0 0 
1 0 1 1 0 0 1 0 1 0 1 0 0 0 0 0 0 0 0 0 1 0 0 0 0 
0 0 0 0 1 0 0 1 0 1 0 0 0 1 0 0 0 0 0 1 0 0 1 1 0 
1 0 0 1 0 1 0 0 0 1 0 0 0 1 0 0 1 0 0 0 0 0 1 0 0 
0 1 0 0 0 1 1 0 0 0 0 0 0 0 1 1 0 0 0 1 0 1 0 0 0 
0 0 0 1 0 0 0 0 1 0 0 0 1 0 1 0 1 0 0 0 0 0 1 1 0 
0 0 1 1 0 0 0 0 0 1 0 0 1 1 0 0 0 0 0 0 1 0 0 0 1 
0 0 1 0 0 1 0 0 0 1 0 0 1 0 0 1 1 0 1 0 0 0 0 0 0 
0 1 0 0 1 1 0 1 1 0 0 1 0 0 0 0 0 1 0 0 0 1 0 0 0 
1 1 0 0 0 0 0 0 0 1 0 0 1 1 0 0 0 0 1 0 1 0 0 0 1 
0 0 0 1 1 0 1 0 0 1 0 0 0 1 1 0 0 0 0 0 1 0 0 0 1 
1 0 1 0 0 0 0 0 1 0 0 1 0 0 1 0 0 0 0 1 1 1 0 0 0 
0 0 0 0 1 0 0 1 0 0 0 0 0 0 0 1 1 0 1 1 0 1 0 1 0 
0 0 0 0 0 0 1 0 1 0 0 0 1 0 0 1 0 1 1 0 1 1 0 0 0 
0 0 1 0 0 0 0 0 0 0 0 1 1 0 0 1 0 0 1 0 0 1 1 1 0 
0 1 1 0 1 0 0 0 0 1 0 0 0 1 0 0 0 0 0 1 0 0 0 1 0 
0 1 0 0 1 1 1 0 0 0 0 0 0 0 0 1 1 0 0 0 0 0 1 0 1 