# File created on Sat May  2 18:24:10 2020
0 0 0 1 1 0 0 1 0 1 0 0 0 1 0 1 0 0 0 0 0 0 1 0 0 
1 1 0 0 0 1 0 1 0 0 0 0 0 0 0 0 0 1 0 0 0 0 1 0 1 
0 0 0 0 0 0 0 1 0 1 0 1 0 0 1 0 1 0 0 1 0 0 0 1 0 
1 0 0 0 0 0 1 0 0 1 0 0 0 0 0 1 0 0 0 0 0 1 0 1 0 
0 0 0 1 0 0 0 1 0 0 0 0 0 1 1 0 0 0 1 0 1 0 1 0 0 
0 0 0 1 0 0 1 0 0 1 0 0 0 0 0 1 1 1 0 0 0 1 0 0 0 
0 1 0 1 0 0 1 0 0 0 0 0 1 0 1 0 0 0 0 0 0 1 0 0 1 
1 0 0 0 0 0 0 0 0 0 0 0 0 0 0 1 1 0 0 1 1 1 1 0 0 
1 1 0 0 0 0 0 1 0 1 0 0 0 0 0 0 1 0 0 1 0 0 0 1 0 
0 0 0 0 0 0 0 0 0 0 0 1 0 0 1 1 0 0 1 0 0 0 1 0 1 
1 1 1 0 0 0 0 0 0 0 0 0 0 1 0 0 0 0 0 0 0 1 0 1 1 
1 0 0 0 1 0 0 1 0 0 1 1 0 0 0 0 0 1 0 0 0 0 0 0 1 
1 0 0 0 0 1 0 0 0 0 0 1 1 0 0 0 0 0 1 1 0 0 1 0 0 
1 1 0 0 0 0 1 1 0 0 0 0 0 0 0 1 0 0 0 0 0 0 1 1 0 
0 0 0 0 1 1 0 0 0 0 0 0 1 1 0 0 1 0 0 0 0 0 1 0 0 
0 0 0 0 1 0 0 0 1 1 0 1 1 0 0 0 0 0 0 0 0 0 0 0 0 
0 0 1 0 0 0 0 0 1 0 0 1 0 0 0 1 0 1 0 0 1 1 0 0 0 
0 1 1 0 1 0 0 0 0 0 0 1 0 1 0 1 0 0 0 0 0 0 0 0 0 
0 0 0 0 0 1 0 1 1 0 1 0 1 1 1 0 0 0 0 0 0 0 0 0 0 
1 1 1 0 0 0 0 0 0 0 0 0 1 0 0 0 0 1 0 0 0 1 1 0 1 
0 1 1 0 1 0 0 0 0 0 0 0 0 0 0 0 0 1 0 1 0 0 1 0 1 
0 0 1 0 1 0 0 0 1 1 1 0 0 0 1 0 0 0 0 0 0 1 1 0 0 
0 0 0 0 0 0 1 0 1 1 0 0 0 0 1 0 0 1 0 0 0 1 0 0 0 
0 0 0 0 0 1 1 0 1 0 0 0 1 0 0 1 0 1 1 0 0 1 0 0 0 
1 1 0 1 0 0 0 0 0 1 0 0 1 0 0 0 0 1 0 0 0 0 0 1 1 
0 0 0 0 1 0 1 0 0 1 0 0 0 1 0 0 0 1 0 1 0 1 0 1 0 
0 1 1 0 0 1 0 0 0 1 0 0 1 0 1 0 0 1 1 0 0 0 0 0 0 
0 0 0 1 1 0 1 0 0 1 0 0 0 0 0 0 0 1 0 1 0 0 1 0 1 
1 0 1 0 0 0 1 1 0 1 0 0 0 0 0 0 1 1 0 0 1 0 0 0 0 
0 1 0 0 0 0 1 0 0 0 0 1 0 0 0 1 0 1 1 0 1 0 0 1 0 
0 1 1 1 0 0 1 0 1 0 0 0 0 0 0 0 0 0 0 1 0 0 0 1 1 
0 0 0 0 1 1 0 0 0 0 0 0 0 1 0 0 1 0 1 0 1 0 1 1 0 
1 0 0 1 0 0 1 0 0 0 0 0 1 1 0 1 0 0 0 0 0 0 1 1 0 
0 0 0 1 1 0 0 0 1 1 0 0 0 1 1 0 1 0 0 0 0 0 0 0 0 
0 0 1 1 0 0 0 0 0 0 0 1 0 0 1 0 0 1 0 1 1 0 0 0 1 
0 1 1 0 0 0 0 1 0 0 0 0 0 0 1 0 0 0 0 1 0 1 0 1 0 
0 0 0 0 1 0 0 0 0 0 0 0 0 1 0 1 1 0 0 0 0 1 1 0 1 
1 0 0 1 0 0 0 1 0 0 1 0 0 0 1 0 1 0 0 0 1 0 0 0 1 
0 1 0 0 0 0 0 1 0 1 1 1 1 1 0 1 0 0 0 0 0 0 0 0 0 
0 0 1 0 1 1 0 0 0 0 1 0 0 1 0 0 1 0 0 1 0 0 1 0 0 
1 1 1 0 0 0 0 1 0 0 0 0 0 0 0 0 1 0 0 0 1 1 0 0 1 
0 0 0 0 0 1 0 0 0 0 0 1 0 0 0 0 0 0 1 1 1 1 1 1 0 
0 0 0 0 0 0 0 1 0 0 1 0 0 0 1 0 1 0 1 0 1 1 0 0 0 
1 1 1 0 0 0 0 1 0 0 0 0 0 0 0 0 0 1 1 1 0 0 0 1 0 
0 0 0 0 0 0 0 0 1 1 1 1 0 0 1 0 1 0 0 1 0 0 1 0 0 
0 1 0 0 0 0 0 0 1 0 0 1 0 1 0 1 0 0 1 0 1 0 0 0 0 
0 1 0 0 0 1 0 1 0 0 1 0 0 0 0 0 0 1 0 1 0 0 0 1 0 
0 0 1 1 1 0 1 1 0 0 0 0 1 1 0 0 0 0 0 1 0 0 0 0 0 
0 1 0 0 1 0 0 0 0 1 0 0 0 0 0 1 1 0 1 0 0 0 0 0 1 
1 0 1 0 0 0 0 0 1 1 0 0 0 0 1 0 1 0 0 0 1 1 0 0 0 