# File created on Mon Mar  9 17:41:13 2020
1 0 0 0 0 0 0 1 0 0 0 0 0 0 0 1 1 0 0 0 0 0 0 0 1 
0 0 0 0 0 0 0 0 1 0 0 0 1 0 1 0 0 0 1 1 1 0 0 0 1 
0 0 0 0 0 0 0 0 0 0 0 0 0 1 1 1 1 1 0 1 0 0 0 0 1 
0 0 0 0 0 0 1 0 0 0 0 0 0 1 0 0 1 0 0 0 1 0 1 0 1 
0 0 0 0 0 0 0 0 0 0 0 1 0 0 1 0 1 0 1 1 1 0 1 1 1 
0 0 0 0 0 0 0 0 0 0 0 1 1 1 0 0 0 1 0 1 0 1 1 1 1 
0 0 0 0 0 0 0 0 0 0 0 1 0 1 1 0 0 1 1 0 0 1 1 1 1 
0 0 0 0 0 0 0 0 0 0 0 0 1 0 0 1 1 1 1 0 0 1 1 1 1 
0 0 0 0 0 0 0 0 0 0 0 1 0 1 1 1 1 0 0 1 0 1 1 1 1 
0 0 0 0 0 0 0 0 0 0 1 1 0 0 1 0 0 1 1 0 1 1 1 0 1 
0 0 0 0 0 0 0 0 0 0 0 0 1 1 1 1 1 0 1 1 1 1 0 1 1 
0 0 0 0 0 0 0 0 0 0 0 0 1 1 1 1 0 1 1 0 1 1 0 1 1 
0 0 0 0 0 0 0 0 0 0 0 0 1 1 1 0 0 0 1 1 1 1 1 1 1 
0 0 0 0 0 0 0 0 0 0 1 1 1 1 0 1 1 1 0 1 1 1 1 1 0 
0 0 0 0 0 0 0 0 0 0 0 1 0 1 0 0 1 0 1 1 1 0 1 1 1 
0 0 0 0 0 0 0 0 0 0 0 1 1 1 1 1 1 1 1 1 1 1 1 1 0 
0 0 0 0 0 0 0 0 0 0 0 1 0 1 1 1 0 1 0 1 1 1 1 1 1 
0 0 0 0 0 0 0 0 0 0 0 0 1 0 0 1 1 1 1 1 1 1 1 1 1 
0 0 0 0 0 0 0 0 0 0 1 1 1 0 1 1 1 1 1 1 1 1 1 1 0 
0 0 0 0 0 0 0 0 0 0 0 1 0 0 1 1 1 1 1 0 1 1 1 1 1 
0 0 0 0 0 0 0 0 0 0 0 1 0 0 0 1 1 1 1 1 1 1 1 1 1 
0 0 0 0 0 0 0 0 0 0 0 1 1 1 0 1 1 1 1 1 0 1 0 1 1 
0 0 0 0 0 0 0 0 0 0 0 1 1 0 1 1 0 1 1 1 1 1 1 1 1 
0 0 0 0 0 0 0 0 0 0 0 1 1 1 1 1 1 1 1 1 1 1 1 1 1 
0 0 0 0 0 0 0 0 0 0 0 1 1 0 1 1 1 1 1 1 1 1 1 1 1 