# File created on Fri Feb 28 15:02:20 2020
0.000000000000000e+00 1.000000000000000e+00 1.000000000000000e+00 1.000000000000000e+00 1.000000000000000e+00 1.000000000000000e+00 1.000000000000000e+00 0.000000000000000e+00 0.000000000000000e+00 1.000000000000000e+00 1.000000000000000e+00 1.000000000000000e+00 1.000000000000000e+00 1.000000000000000e+00 1.000000000000000e+00 0.000000000000000e+00 0.000000000000000e+00 1.000000000000000e+00 1.000000000000000e+00 1.000000000000000e+00 1.000000000000000e+00 1.000000000000000e+00 1.000000000000000e+00 1.000000000000000e+00 0.000000000000000e+00 
1.000000000000000e+00 1.000000000000000e+00 1.000000000000000e+00 1.000000000000000e+00 1.000000000000000e+00 1.000000000000000e+00 0.000000000000000e+00 1.000000000000000e+00 0.000000000000000e+00 1.000000000000000e+00 1.000000000000000e+00 1.000000000000000e+00 0.000000000000000e+00 1.000000000000000e+00 0.000000000000000e+00 1.000000000000000e+00 1.000000000000000e+00 1.000000000000000e+00 0.000000000000000e+00 0.000000000000000e+00 0.000000000000000e+00 1.000000000000000e+00 1.000000000000000e+00 1.000000000000000e+00 0.000000000000000e+00 
1.000000000000000e+00 0.000000000000000e+00 1.000000000000000e+00 1.000000000000000e+00 0.000000000000000e+00 1.000000000000000e+00 1.000000000000000e+00 1.000000000000000e+00 1.000000000000000e+00 1.000000000000000e+00 1.000000000000000e+00 1.000000000000000e+00 1.000000000000000e+00 0.000000000000000e+00 0.000000000000000e+00 0.000000000000000e+00 0.000000000000000e+00 0.000000000000000e+00 1.000000000000000e+00 0.000000000000000e+00 1.000000000000000e+00 1.000000000000000e+00 1.000000000000000e+00 1.000000000000000e+00 0.000000000000000e+00 
1.000000000000000e+00 1.000000000000000e+00 1.000000000000000e+00 0.000000000000000e+00 1.000000000000000e+00 1.000000000000000e+00 0.000000000000000e+00 0.000000000000000e+00 0.000000000000000e+00 1.000000000000000e+00 0.000000000000000e+00 1.000000000000000e+00 1.000000000000000e+00 0.000000000000000e+00 1.000000000000000e+00 1.000000000000000e+00 0.000000000000000e+00 1.000000000000000e+00 1.000000000000000e+00 1.000000000000000e+00 0.000000000000000e+00 1.000000000000000e+00 0.000000000000000e+00 1.000000000000000e+00 0.000000000000000e+00 
1.000000000000000e+00 0.000000000000000e+00 1.000000000000000e+00 1.000000000000000e+00 0.000000000000000e+00 1.000000000000000e+00 1.000000000000000e+00 1.000000000000000e+00 1.000000000000000e+00 1.000000000000000e+00 1.000000000000000e+00 0.000000000000000e+00 1.000000000000000e+00 1.000000000000000e+00 0.000000000000000e+00 1.000000000000000e+00 0.000000000000000e+00 1.000000000000000e+00 0.000000000000000e+00 0.000000000000000e+00 0.000000000000000e+00 1.000000000000000e+00 0.000000000000000e+00 0.000000000000000e+00 0.000000000000000e+00 
0.000000000000000e+00 0.000000000000000e+00 1.000000000000000e+00 1.000000000000000e+00 1.000000000000000e+00 1.000000000000000e+00 1.000000000000000e+00 1.000000000000000e+00 1.000000000000000e+00 1.000000000000000e+00 0.000000000000000e+00 0.000000000000000e+00 0.000000000000000e+00 0.000000000000000e+00 1.000000000000000e+00 1.000000000000000e+00 1.000000000000000e+00 0.000000000000000e+00 1.000000000000000e+00 0.000000000000000e+00 1.000000000000000e+00 0.000000000000000e+00 0.000000000000000e+00 0.000000000000000e+00 0.000000000000000e+00 
1.000000000000000e+00 1.000000000000000e+00 0.000000000000000e+00 1.000000000000000e+00 1.000000000000000e+00 0.000000000000000e+00 1.000000000000000e+00 1.000000000000000e+00 1.000000000000000e+00 1.000000000000000e+00 0.000000000000000e+00 0.000000000000000e+00 1.000000000000000e+00 0.000000000000000e+00 0.000000000000000e+00 1.000000000000000e+00 1.000000000000000e+00 0.000000000000000e+00 0.000000000000000e+00 1.000000000000000e+00 1.000000000000000e+00 0.000000000000000e+00 0.000000000000000e+00 0.000000000000000e+00 0.000000000000000e+00 
1.000000000000000e+00 1.000000000000000e+00 1.000000000000000e+00 1.000000000000000e+00 1.000000000000000e+00 1.000000000000000e+00 0.000000000000000e+00 1.000000000000000e+00 1.000000000000000e+00 0.000000000000000e+00 0.000000000000000e+00 1.000000000000000e+00 0.000000000000000e+00 1.000000000000000e+00 1.000000000000000e+00 0.000000000000000e+00 0.000000000000000e+00 0.000000000000000e+00 0.000000000000000e+00 1.000000000000000e+00 1.000000000000000e+00 0.000000000000000e+00 0.000000000000000e+00 0.000000000000000e+00 0.000000000000000e+00 
1.000000000000000e+00 1.000000000000000e+00 1.000000000000000e+00 1.000000000000000e+00 1.000000000000000e+00 1.000000000000000e+00 1.000000000000000e+00 1.000000000000000e+00 0.000000000000000e+00 0.000000000000000e+00 1.000000000000000e+00 0.000000000000000e+00 0.000000000000000e+00 0.000000000000000e+00 0.000000000000000e+00 0.000000000000000e+00 0.000000000000000e+00 1.000000000000000e+00 1.000000000000000e+00 0.000000000000000e+00 1.000000000000000e+00 0.000000000000000e+00 0.000000000000000e+00 0.000000000000000e+00 0.000000000000000e+00 
1.000000000000000e+00 1.000000000000000e+00 1.000000000000000e+00 0.000000000000000e+00 1.000000000000000e+00 1.000000000000000e+00 1.000000000000000e+00 0.000000000000000e+00 0.000000000000000e+00 0.000000000000000e+00 0.000000000000000e+00 0.000000000000000e+00 1.000000000000000e+00 1.000000000000000e+00 0.000000000000000e+00 1.000000000000000e+00 1.000000000000000e+00 0.000000000000000e+00 0.000000000000000e+00 1.000000000000000e+00 0.000000000000000e+00 0.000000000000000e+00 0.000000000000000e+00 1.000000000000000e+00 0.000000000000000e+00 
1.000000000000000e+00 1.000000000000000e+00 0.000000000000000e+00 1.000000000000000e+00 0.000000000000000e+00 0.000000000000000e+00 1.000000000000000e+00 1.000000000000000e+00 1.000000000000000e+00 1.000000000000000e+00 1.000000000000000e+00 1.000000000000000e+00 0.000000000000000e+00 0.000000000000000e+00 0.000000000000000e+00 0.000000000000000e+00 0.000000000000000e+00 1.000000000000000e+00 0.000000000000000e+00 0.000000000000000e+00 0.000000000000000e+00 0.000000000000000e+00 1.000000000000000e+00 0.000000000000000e+00 0.000000000000000e+00 
1.000000000000000e+00 1.000000000000000e+00 1.000000000000000e+00 0.000000000000000e+00 0.000000000000000e+00 1.000000000000000e+00 0.000000000000000e+00 1.000000000000000e+00 1.000000000000000e+00 1.000000000000000e+00 0.000000000000000e+00 1.000000000000000e+00 0.000000000000000e+00 0.000000000000000e+00 0.000000000000000e+00 0.000000000000000e+00 1.000000000000000e+00 0.000000000000000e+00 0.000000000000000e+00 1.000000000000000e+00 0.000000000000000e+00 0.000000000000000e+00 1.000000000000000e+00 0.000000000000000e+00 0.000000000000000e+00 
1.000000000000000e+00 0.000000000000000e+00 0.000000000000000e+00 1.000000000000000e+00 1.000000000000000e+00 1.000000000000000e+00 1.000000000000000e+00 0.000000000000000e+00 1.000000000000000e+00 0.000000000000000e+00 0.000000000000000e+00 1.000000000000000e+00 0.000000000000000e+00 0.000000000000000e+00 0.000000000000000e+00 1.000000000000000e+00 1.000000000000000e+00 1.000000000000000e+00 0.000000000000000e+00 0.000000000000000e+00 0.000000000000000e+00 0.000000000000000e+00 0.000000000000000e+00 0.000000000000000e+00 0.000000000000000e+00 
1.000000000000000e+00 1.000000000000000e+00 0.000000000000000e+00 1.000000000000000e+00 1.000000000000000e+00 1.000000000000000e+00 0.000000000000000e+00 1.000000000000000e+00 1.000000000000000e+00 0.000000000000000e+00 0.000000000000000e+00 0.000000000000000e+00 0.000000000000000e+00 0.000000000000000e+00 1.000000000000000e+00 0.000000000000000e+00 0.000000000000000e+00 0.000000000000000e+00 1.000000000000000e+00 0.000000000000000e+00 0.000000000000000e+00 0.000000000000000e+00 0.000000000000000e+00 0.000000000000000e+00 1.000000000000000e+00 
0.000000000000000e+00 1.000000000000000e+00 1.000000000000000e+00 0.000000000000000e+00 1.000000000000000e+00 1.000000000000000e+00 1.000000000000000e+00 0.000000000000000e+00 0.000000000000000e+00 0.000000000000000e+00 0.000000000000000e+00 0.000000000000000e+00 1.000000000000000e+00 0.000000000000000e+00 1.000000000000000e+00 1.000000000000000e+00 0.000000000000000e+00 1.000000000000000e+00 0.000000000000000e+00 0.000000000000000e+00 0.000000000000000e+00 1.000000000000000e+00 0.000000000000000e+00 0.000000000000000e+00 0.000000000000000e+00 
1.000000000000000e+00 1.000000000000000e+00 1.000000000000000e+00 1.000000000000000e+00 1.000000000000000e+00 0.000000000000000e+00 0.000000000000000e+00 0.000000000000000e+00 1.000000000000000e+00 0.000000000000000e+00 1.000000000000000e+00 0.000000000000000e+00 0.000000000000000e+00 0.000000000000000e+00 0.000000000000000e+00 0.000000000000000e+00 0.000000000000000e+00 0.000000000000000e+00 0.000000000000000e+00 0.000000000000000e+00 0.000000000000000e+00 0.000000000000000e+00 0.000000000000000e+00 0.000000000000000e+00 1.000000000000000e+00 
1.000000000000000e+00 0.000000000000000e+00 0.000000000000000e+00 0.000000000000000e+00 1.000000000000000e+00 1.000000000000000e+00 1.000000000000000e+00 0.000000000000000e+00 0.000000000000000e+00 0.000000000000000e+00 1.000000000000000e+00 0.000000000000000e+00 1.000000000000000e+00 0.000000000000000e+00 0.000000000000000e+00 0.000000000000000e+00 1.000000000000000e+00 0.000000000000000e+00 1.000000000000000e+00 0.000000000000000e+00 0.000000000000000e+00 0.000000000000000e+00 0.000000000000000e+00 0.000000000000000e+00 0.000000000000000e+00 
1.000000000000000e+00 1.000000000000000e+00 1.000000000000000e+00 1.000000000000000e+00 1.000000000000000e+00 0.000000000000000e+00 1.000000000000000e+00 0.000000000000000e+00 0.000000000000000e+00 0.000000000000000e+00 0.000000000000000e+00 1.000000000000000e+00 0.000000000000000e+00 0.000000000000000e+00 1.000000000000000e+00 0.000000000000000e+00 0.000000000000000e+00 0.000000000000000e+00 0.000000000000000e+00 0.000000000000000e+00 0.000000000000000e+00 0.000000000000000e+00 0.000000000000000e+00 0.000000000000000e+00 0.000000000000000e+00 
0.000000000000000e+00 1.000000000000000e+00 1.000000000000000e+00 1.000000000000000e+00 0.000000000000000e+00 0.000000000000000e+00 1.000000000000000e+00 0.000000000000000e+00 1.000000000000000e+00 1.000000000000000e+00 0.000000000000000e+00 0.000000000000000e+00 0.000000000000000e+00 1.000000000000000e+00 0.000000000000000e+00 0.000000000000000e+00 0.000000000000000e+00 0.000000000000000e+00 0.000000000000000e+00 0.000000000000000e+00 0.000000000000000e+00 0.000000000000000e+00 0.000000000000000e+00 0.000000000000000e+00 1.000000000000000e+00 
1.000000000000000e+00 1.000000000000000e+00 1.000000000000000e+00 0.000000000000000e+00 1.000000000000000e+00 1.000000000000000e+00 0.000000000000000e+00 0.000000000000000e+00 0.000000000000000e+00 0.000000000000000e+00 0.000000000000000e+00 0.000000000000000e+00 0.000000000000000e+00 1.000000000000000e+00 0.000000000000000e+00 0.000000000000000e+00 0.000000000000000e+00 0.000000000000000e+00 0.000000000000000e+00 1.000000000000000e+00 0.000000000000000e+00 0.000000000000000e+00 0.000000000000000e+00 0.000000000000000e+00 0.000000000000000e+00 
0.000000000000000e+00 1.000000000000000e+00 0.000000000000000e+00 0.000000000000000e+00 0.000000000000000e+00 0.000000000000000e+00 0.000000000000000e+00 0.000000000000000e+00 1.000000000000000e+00 0.000000000000000e+00 1.000000000000000e+00 0.000000000000000e+00 1.000000000000000e+00 1.000000000000000e+00 1.000000000000000e+00 0.000000000000000e+00 0.000000000000000e+00 0.000000000000000e+00 0.000000000000000e+00 0.000000000000000e+00 0.000000000000000e+00 0.000000000000000e+00 0.000000000000000e+00 0.000000000000000e+00 0.000000000000000e+00 
0.000000000000000e+00 1.000000000000000e+00 0.000000000000000e+00 0.000000000000000e+00 0.000000000000000e+00 1.000000000000000e+00 0.000000000000000e+00 1.000000000000000e+00 0.000000000000000e+00 0.000000000000000e+00 0.000000000000000e+00 0.000000000000000e+00 0.000000000000000e+00 0.000000000000000e+00 1.000000000000000e+00 0.000000000000000e+00 0.000000000000000e+00 0.000000000000000e+00 0.000000000000000e+00 0.000000000000000e+00 1.000000000000000e+00 0.000000000000000e+00 1.000000000000000e+00 0.000000000000000e+00 0.000000000000000e+00 
0.000000000000000e+00 0.000000000000000e+00 1.000000000000000e+00 1.000000000000000e+00 0.000000000000000e+00 0.000000000000000e+00 0.000000000000000e+00 1.000000000000000e+00 0.000000000000000e+00 0.000000000000000e+00 1.000000000000000e+00 0.000000000000000e+00 0.000000000000000e+00 1.000000000000000e+00 0.000000000000000e+00 0.000000000000000e+00 1.000000000000000e+00 0.000000000000000e+00 0.000000000000000e+00 0.000000000000000e+00 0.000000000000000e+00 0.000000000000000e+00 0.000000000000000e+00 0.000000000000000e+00 0.000000000000000e+00 
1.000000000000000e+00 0.000000000000000e+00 0.000000000000000e+00 1.000000000000000e+00 1.000000000000000e+00 0.000000000000000e+00 1.000000000000000e+00 0.000000000000000e+00 0.000000000000000e+00 1.000000000000000e+00 1.000000000000000e+00 0.000000000000000e+00 0.000000000000000e+00 0.000000000000000e+00 0.000000000000000e+00 0.000000000000000e+00 0.000000000000000e+00 0.000000000000000e+00 0.000000000000000e+00 0.000000000000000e+00 0.000000000000000e+00 0.000000000000000e+00 0.000000000000000e+00 0.000000000000000e+00 0.000000000000000e+00 
1.000000000000000e+00 0.000000000000000e+00 1.000000000000000e+00 0.000000000000000e+00 0.000000000000000e+00 0.000000000000000e+00 0.000000000000000e+00 0.000000000000000e+00 0.000000000000000e+00 0.000000000000000e+00 0.000000000000000e+00 0.000000000000000e+00 0.000000000000000e+00 0.000000000000000e+00 0.000000000000000e+00 0.000000000000000e+00 0.000000000000000e+00 0.000000000000000e+00 0.000000000000000e+00 0.000000000000000e+00 0.000000000000000e+00 0.000000000000000e+00 0.000000000000000e+00 0.000000000000000e+00 0.000000000000000e+00 
