# File created on Wed Mar  4 10:59:31 2020
1 1 0 0 0 1 1 0 1 0 0 0 0 1 0 1 0 0 1 1 0 1 1 1 1 
0 0 1 1 1 1 0 0 0 1 1 1 0 1 1 0 0 1 0 0 0 0 1 0 1 
1 0 0 0 0 0 0 1 0 1 0 0 0 0 0 0 0 0 1 0 0 0 0 0 0 
1 0 1 0 0 0 1 0 1 0 0 1 0 0 0 0 1 0 1 0 0 0 1 0 1 
1 0 0 0 1 1 0 0 0 1 1 0 1 1 1 1 0 0 0 0 1 1 0 0 0 
0 0 0 1 0 0 0 1 1 0 0 1 1 0 0 0 1 0 1 0 0 0 0 0 0 
0 0 1 0 0 1 0 0 0 0 1 0 1 1 0 1 0 0 0 0 0 1 1 0 0 
0 0 1 0 0 0 0 1 1 0 0 0 1 0 0 0 1 1 0 1 1 0 1 0 0 
0 0 0 0 0 1 0 0 0 0 0 0 0 0 0 0 0 0 0 1 0 1 0 1 0 
0 0 1 0 0 0 0 0 0 1 1 0 0 1 0 1 0 0 0 1 1 0 0 1 1 
0 0 1 0 0 0 0 0 0 1 0 0 0 0 0 0 1 0 0 0 1 0 0 0 1 
0 1 0 0 1 1 0 1 1 1 1 1 0 0 0 1 0 0 0 0 0 0 0 0 1 
0 0 1 0 1 0 0 0 0 0 1 0 0 0 1 0 0 1 0 0 0 0 1 0 0 
0 1 1 1 0 0 0 0 1 1 1 0 0 0 0 0 0 1 0 0 1 0 0 0 1 
1 1 1 1 0 0 0 1 0 0 1 0 0 0 0 1 1 1 0 0 1 1 1 0 0 
1 0 0 1 1 0 0 1 1 0 0 0 0 0 1 0 0 1 0 0 0 0 1 1 1 
0 0 1 0 0 0 1 1 0 1 0 0 1 1 0 0 1 0 0 1 0 1 0 0 0 
0 0 1 0 1 0 1 1 0 1 1 1 0 1 0 0 1 1 1 1 0 1 1 0 1 
0 1 1 0 1 0 0 0 1 1 1 0 0 0 1 1 0 1 1 0 0 1 0 1 1 
0 0 0 0 0 1 1 0 1 1 1 0 0 0 0 0 0 0 1 0 1 0 1 1 1 
0 1 0 1 1 0 0 1 0 1 0 0 0 0 1 0 1 0 1 1 1 0 1 1 0 
0 0 1 1 1 0 1 0 0 1 0 1 0 0 0 1 1 0 1 0 0 1 1 0 1 
1 1 0 0 1 1 1 0 1 0 1 0 1 1 0 1 1 1 1 0 1 0 0 0 0 
0 0 0 0 1 0 0 0 0 0 1 1 0 1 0 1 0 0 0 0 0 1 0 0 1 
0 1 0 0 0 0 0 0 0 0 0 0 1 1 0 1 1 1 0 1 0 1 1 0 0 