# File created on Wed Mar  4 11:03:41 2020
1 0 1 0 0 0 0 0 0 0 0 0 0 0 0 0 0 1 0 1 1 0 1 0 1 
0 0 1 1 0 1 0 0 0 1 0 1 1 0 1 1 0 1 1 0 0 0 0 0 1 
1 0 1 0 0 0 1 0 0 0 0 1 0 1 0 0 0 1 0 0 1 0 1 1 0 
1 0 1 1 0 1 0 1 0 1 0 0 1 0 1 1 1 1 1 1 0 1 0 0 0 
1 0 0 1 0 0 1 0 0 0 0 0 0 1 1 0 0 1 0 0 0 0 0 0 1 
1 0 0 0 1 1 0 0 1 0 1 1 0 0 0 0 0 1 1 0 1 1 0 0 1 
0 1 1 1 0 0 0 0 0 0 1 0 0 1 0 1 0 1 0 1 1 0 0 0 0 
0 0 0 0 0 0 1 0 0 0 1 1 0 0 0 0 1 1 0 1 0 0 0 0 0 
0 1 1 1 0 1 0 0 1 0 0 1 0 1 1 0 0 0 0 0 0 1 0 0 0 
0 0 1 0 1 0 0 0 0 1 0 1 0 1 0 0 1 1 0 0 1 0 0 0 1 
0 0 1 0 0 1 0 0 1 0 0 0 0 1 0 1 0 0 0 1 0 0 0 0 1 
0 0 0 1 0 1 0 0 0 1 0 1 0 1 0 0 0 0 0 0 0 0 0 1 1 
1 0 1 0 0 0 1 0 1 0 1 0 0 1 1 0 0 0 0 0 0 1 0 0 0 
0 1 0 0 0 0 1 1 1 1 0 1 0 0 1 1 0 0 0 1 1 0 1 0 0 
1 0 0 0 0 0 1 0 0 0 0 1 0 0 0 0 1 0 0 0 0 0 0 1 0 
1 0 0 0 0 0 0 1 0 0 0 0 0 0 0 0 0 0 0 1 1 0 1 0 0 
0 0 1 1 1 0 1 0 0 0 0 0 0 0 0 0 0 0 0 0 0 0 0 1 1 
0 1 0 0 0 0 0 0 1 0 0 0 0 0 0 1 1 0 1 0 0 0 0 1 0 
0 1 0 0 0 0 0 1 1 0 0 0 1 0 1 0 0 0 1 0 0 1 0 0 0 
0 0 0 0 0 1 1 0 0 0 1 1 0 0 1 0 0 0 1 1 1 0 0 0 1 
1 0 0 0 0 0 0 0 0 0 0 0 0 0 1 1 1 0 1 0 0 1 1 0 0 
1 0 0 0 0 1 1 0 0 0 0 1 0 0 1 0 1 0 1 1 0 0 0 0 0 
0 0 1 0 0 1 1 0 0 1 1 0 0 0 0 0 0 0 1 0 0 1 1 0 1 
1 0 1 0 0 0 0 1 1 0 0 0 0 0 0 1 0 1 0 0 1 0 0 0 1 
1 0 0 0 1 1 0 0 0 0 0 0 1 0 0 0 0 1 1 0 0 0 0 0 0 