# File created on Fri Feb 28 17:33:54 2020
1 1 0 1 1 1 1 1 1 0 1 1 0 0 1 1 1 1 1 0 0 1 0 0 1 
1 1 1 0 1 1 1 1 0 1 0 0 1 1 1 1 0 1 1 0 0 1 1 0 0 
1 1 1 1 1 1 0 1 1 0 1 1 0 1 0 0 1 0 1 1 1 0 0 0 0 
1 0 0 1 1 1 1 1 1 1 1 1 0 0 0 1 1 0 1 1 0 1 0 0 0 
1 1 1 1 0 1 1 1 1 1 0 0 0 0 1 1 1 1 0 0 0 0 0 1 0 
1 1 1 1 1 1 1 1 1 1 1 0 0 0 0 1 1 0 0 0 0 0 0 0 0 
0 1 1 1 1 1 0 1 0 1 0 1 0 0 0 0 1 0 0 0 1 0 1 0 1 
1 1 0 0 0 1 1 0 1 0 1 0 1 1 1 0 1 0 0 0 0 0 0 1 0 
1 0 1 1 0 1 0 1 0 1 1 1 0 0 0 0 0 1 0 0 0 1 0 1 0 
0 1 1 0 1 1 0 1 1 1 1 0 0 1 1 0 0 0 0 1 0 0 0 0 0 
1 0 1 1 0 0 1 0 1 0 1 1 1 0 1 1 0 0 0 1 0 0 0 0 0 
1 1 1 1 0 0 1 0 0 0 0 0 1 1 1 0 0 1 0 1 0 0 0 0 0 
1 1 1 1 1 0 1 1 1 0 0 0 0 1 0 0 0 0 0 0 0 0 0 0 0 
1 1 1 0 1 1 1 0 0 1 0 1 0 0 0 0 0 0 0 0 0 0 1 0 0 
0 1 1 0 0 1 1 0 0 1 1 0 1 0 0 1 0 0 0 0 0 0 0 0 0 
0 0 0 1 1 0 0 1 1 1 0 0 0 0 1 1 0 0 0 0 0 0 0 0 0 
1 0 0 1 1 0 0 0 0 0 1 0 1 0 0 0 0 0 1 0 1 0 0 0 0 
0 1 0 0 1 0 0 0 1 0 0 1 1 1 0 0 0 0 0 0 0 0 0 0 0 
1 0 0 0 1 1 0 0 0 0 0 1 0 0 0 0 0 0 0 0 1 0 1 0 0 
1 1 1 0 1 1 0 0 0 0 0 0 0 0 0 0 0 0 0 0 1 0 0 0 0 
1 1 1 1 0 0 0 0 0 1 0 0 0 0 0 0 0 0 0 0 0 0 0 0 0 
1 1 0 1 0 0 0 0 0 0 0 0 1 0 0 0 0 0 0 0 0 0 0 0 0 
1 0 1 0 1 0 1 0 0 0 0 0 0 0 0 0 0 0 0 0 0 0 0 0 0 
0 0 0 0 0 0 1 0 0 0 0 0 1 1 0 0 0 0 0 0 0 0 0 0 0 
0 0 0 1 0 0 0 1 0 0 0 0 0 0 0 0 0 0 0 0 0 0 0 0 0 
