# File created on Wed Mar  4 14:34:42 2020
1 0 1 1 1 1 1 0 0 1 1 0 1 1 1 1 0 1 0 0 0 1 1 0 1 
1 1 1 0 1 1 0 1 1 1 1 1 0 0 1 0 0 0 1 1 0 1 1 1 0 
1 1 1 1 0 1 1 0 1 1 1 0 1 1 1 0 1 1 0 0 0 1 1 0 0 
0 1 1 1 0 1 1 1 1 0 0 1 1 0 0 0 1 0 1 0 0 1 1 0 1 
1 1 1 1 1 1 0 0 1 1 1 1 1 1 0 1 0 1 0 0 0 0 0 0 0 
1 1 0 1 0 1 1 0 1 1 1 0 1 0 0 1 0 1 1 1 1 0 0 0 0 
0 0 1 0 1 1 1 1 0 0 1 1 1 0 1 1 0 1 0 0 1 0 0 0 1 
1 1 0 0 0 1 1 0 1 1 1 1 0 1 0 1 0 1 0 0 1 0 0 0 0 
1 1 1 1 1 1 1 1 0 0 1 1 0 0 1 0 1 0 0 0 0 0 0 0 0 
1 0 0 1 1 1 1 1 1 1 0 0 0 1 0 0 0 0 0 1 1 0 0 1 0 
1 0 1 0 1 0 1 1 0 1 1 0 1 1 1 0 0 0 0 0 1 0 0 0 0 
1 1 0 1 1 0 1 1 0 0 1 0 0 1 0 1 0 1 0 0 0 1 0 0 0 
1 1 1 1 1 1 1 0 1 1 0 0 1 1 0 0 0 0 0 0 0 0 0 0 0 
1 1 1 1 1 0 0 0 0 0 0 0 0 0 1 1 1 0 1 0 0 0 0 1 0 
1 1 1 1 0 0 0 1 0 0 0 0 0 0 1 1 1 0 1 0 0 0 0 0 0 
1 0 1 1 1 1 0 1 1 0 0 0 0 0 0 0 0 0 1 1 0 0 0 0 0 
1 0 0 1 1 0 1 1 0 0 0 1 0 1 0 0 0 0 0 1 0 0 0 1 0 
0 1 1 0 0 0 1 1 1 0 1 1 1 0 0 0 1 0 0 0 0 0 0 0 0 
0 1 0 1 1 0 1 0 0 0 0 1 0 0 0 1 1 0 0 0 0 0 1 0 0 
1 1 1 0 1 1 0 1 0 0 0 1 0 0 0 0 1 0 0 0 0 0 0 0 0 
0 1 1 1 0 1 0 1 0 0 1 0 1 0 0 0 0 0 0 0 0 0 0 0 0 
1 1 0 1 1 0 0 1 1 1 0 0 0 0 0 0 0 0 0 0 0 0 0 0 0 
1 1 1 0 0 1 0 0 1 1 0 0 0 0 1 0 0 0 0 0 0 0 0 0 0 
1 1 1 0 0 0 1 0 0 1 0 0 0 0 0 0 0 1 0 0 0 0 0 0 0 
1 0 0 0 1 0 0 1 1 0 0 1 0 0 0 0 0 0 0 0 0 0 0 0 0 